session_n	session_id	ts_utc	tokens_real	tools_used	subagents	failure_codes	wall_min
18	09d3d5a4-dfd0-4201-ab96-9e5ba7609718	2026-04-29T16:56:07Z	158142	873	5	B:1,H:1	244
21	defb4208-8c35-4698-b162-e673f0552e2e	2026-04-29T21:58:46Z	231781	1201	6	B:1,H:1	492
22	defb4208-8c35-4698-b162-e673f0552e2e	2026-04-29T22:06:46Z	269510	1216	6	B:1,H:1	492
23	defb4208-8c35-4698-b162-e673f0552e2e	2026-04-29T22:24:38Z	194912	1301	6	B:1,H:1	492
23	defb4208-8c35-4698-b162-e673f0552e2e	2026-04-29T22:45:45Z	128127	1365	7	B:1,H:1	773
24	f62ccf03-f3f9-457e-8558-cfa08ddfee46	2026-04-29T22:55:21Z	164232	1384	7	B:1,H:1	780
24	f62ccf03-f3f9-457e-8558-cfa08ddfee46	2026-04-29T23:05:13Z	184188	1409	8	B:1,H:1	795
25	e2287e94-1acd-4b20-9e3c-c3aa9e945ed8	2026-04-30T07:15:43Z	138764	1474	8	B:1,H:1	812
26	e2287e94-1acd-4b20-9e3c-c3aa9e945ed8	2026-04-30T07:27:22Z	212738	1521	8	B:1,H:1	812
26	e2287e94-1acd-4b20-9e3c-c3aa9e945ed8	2026-04-30T07:27:41Z	223030	1521	8	B:1,H:1	812
27	e2287e94-1acd-4b20-9e3c-c3aa9e945ed8	2026-04-30T09:50:21Z	226046	1631	8	B:1,H:1	812
28	e2287e94-1acd-4b20-9e3c-c3aa9e945ed8	2026-04-30T10:14:17Z	279244	1786	8	B:1,H:1	812
28	e2287e94-1acd-4b20-9e3c-c3aa9e945ed8	2026-04-30T10:17:58Z	142034	1821	9	B:1,H:1	1468
29	fb0d8cac-d5be-4247-ada0-ba49d2089dd0	2026-04-30T10:29:52Z	185462	1885	9	B:1,H:1	1473
30	fb0d8cac-d5be-4247-ada0-ba49d2089dd0	2026-04-30T10:59:59Z	228699	1972	9	B:1,H:1	1473
31	d97632a7-61c5-43c2-9039-fd6ba70fbfee	2026-04-30T11:23:19Z	171918	2018	10	B:1,H:1	1525
32	d97632a7-61c5-43c2-9039-fd6ba70fbfee	2026-04-30T14:58:03Z	202201	2104	10	B:1,H:1	1525
33	d97632a7-61c5-43c2-9039-fd6ba70fbfee	2026-04-30T15:09:58Z	171741	2194	10	B:1,H:1	1525
33	d97632a7-61c5-43c2-9039-fd6ba70fbfee	2026-04-30T15:13:47Z	177127	2199	10	B:1,H:1	1525
34	d97632a7-61c5-43c2-9039-fd6ba70fbfee	2026-04-30T15:34:02Z	142183	2333	10	B:1,H:1	1525
34	3a907529-6b19-4768-aacc-a17c880d31bb	2026-05-01T00:01:41Z	244587	2386	11	B:1,H:1	2280
34	3a907529-6b19-4768-aacc-a17c880d31bb	2026-05-01T00:08:39Z	283596	2395	11	B:1,H:1	2280
34	3a907529-6b19-4768-aacc-a17c880d31bb	2026-05-01T00:19:44Z	312297	2406	11	B:1,H:1	2280
35	6b22a0d2-b18b-4167-afb9-b4300bc5fa8c	2026-05-01T00:36:32Z	215641	2562	13	B:1,H:1	2318
36	6b22a0d2-b18b-4167-afb9-b4300bc5fa8c	2026-05-01T00:53:05Z	187478	2687	13	B:1,H:1	2318
36	6b22a0d2-b18b-4167-afb9-b4300bc5fa8c	2026-05-01T00:55:25Z	78951	2700	14	B:1,H:1	2346
41	33f8c3bd-27de-4d44-9423-f1e2ab6517cf	2026-05-01T01:18:29Z	90128	2735	14	B:1,H:1	2366
41	33f8c3bd-27de-4d44-9423-f1e2ab6517cf	2026-05-01T01:21:33Z	138412	2745	15	B:1,H:1	2372
42	33f8c3bd-27de-4d44-9423-f1e2ab6517cf	2026-05-01T01:59:53Z	159964	2974	15	B:1,H:1	2406
42	33f8c3bd-27de-4d44-9423-f1e2ab6517cf	2026-05-01T02:02:19Z	176835	2981	16	B:1,H:1	2412
43	97321353-bf6b-480d-b289-eeb805c9be7c	2026-05-01T07:04:22Z	133179	3137	16	B:1,H:1	2429
43	97321353-bf6b-480d-b289-eeb805c9be7c	2026-05-01T07:42:09Z	189329	3179	16	B:1,H:1	2429
43	97321353-bf6b-480d-b289-eeb805c9be7c	2026-05-01T07:44:16Z	73278	3189	16	B:1,H:1	2429
43	97321353-bf6b-480d-b289-eeb805c9be7c	2026-05-01T09:06:59Z	83246	3190	16	B:1,H:1	2429
43	97321353-bf6b-480d-b289-eeb805c9be7c	2026-05-01T09:21:41Z	162494	3228	16	B:1,H:1	2429
43	97321353-bf6b-480d-b289-eeb805c9be7c	2026-05-01T09:30:41Z	173515	3233	16	B:1,H:1	2429
43	97321353-bf6b-480d-b289-eeb805c9be7c	2026-05-01T09:37:56Z	191109	3241	16	B:1,H:1	2429
43	97321353-bf6b-480d-b289-eeb805c9be7c	2026-05-01T09:42:36Z	92053	3257	16	B:1,H:1	2429
43	97321353-bf6b-480d-b289-eeb805c9be7c	2026-05-01T09:49:16Z	121928	3274	16	B:1,H:1	2429
43	97321353-bf6b-480d-b289-eeb805c9be7c	2026-05-01T09:55:27Z	153817	3287	16	B:1,H:1	2429
43	97321353-bf6b-480d-b289-eeb805c9be7c	2026-05-01T09:57:30Z	17970	3288	16	B:1,H:1	2429
43	97321353-bf6b-480d-b289-eeb805c9be7c	2026-05-01T09:58:18Z	17877	3289	16	B:1,H:1	2429
43	97321353-bf6b-480d-b289-eeb805c9be7c	2026-05-01T09:59:32Z	27580	3290	16	B:1,H:1	2429
43	97321353-bf6b-480d-b289-eeb805c9be7c	2026-05-01T10:01:14Z	159408	3294	16	B:1,H:1	2429
43	97321353-bf6b-480d-b289-eeb805c9be7c	2026-05-01T10:02:43Z	17970	3295	16	B:1,H:1	2429
43	97321353-bf6b-480d-b289-eeb805c9be7c	2026-05-01T10:03:30Z	17877	3296	16	B:1,H:1	2429
43	97321353-bf6b-480d-b289-eeb805c9be7c	2026-05-01T10:04:52Z	27580	3297	16	B:1,H:1	2429
43	97321353-bf6b-480d-b289-eeb805c9be7c	2026-05-01T10:08:12Z	171707	3303	16	B:1,H:1	2429
43	97321353-bf6b-480d-b289-eeb805c9be7c	2026-05-01T10:12:40Z	195027	3322	16	B:1,H:1	2429
43	97321353-bf6b-480d-b289-eeb805c9be7c	2026-05-01T10:15:01Z	25225	3334	16	B:1,H:1	2429
43	97321353-bf6b-480d-b289-eeb805c9be7c	2026-05-01T10:15:49Z	25438	3335	16	B:1,H:1	2429
43	97321353-bf6b-480d-b289-eeb805c9be7c	2026-05-01T10:17:13Z	27570	3336	16	B:1,H:1	2429
43	97321353-bf6b-480d-b289-eeb805c9be7c	2026-05-01T10:22:27Z	203802	3357	16	B:1,H:1	2429
43	97321353-bf6b-480d-b289-eeb805c9be7c	2026-05-01T10:28:12Z	43089	3386	16	B:1,H:1	2429
43	97321353-bf6b-480d-b289-eeb805c9be7c	2026-05-01T10:29:17Z	206348	3389	16	B:1,H:1	2429
43	97321353-bf6b-480d-b289-eeb805c9be7c	2026-05-01T10:34:14Z	226010	3400	16	B:1,H:1	2429
43	97321353-bf6b-480d-b289-eeb805c9be7c	2026-05-01T10:38:59Z	67398	3411	16	B:1,H:1	2429
43	97321353-bf6b-480d-b289-eeb805c9be7c	2026-05-01T10:45:02Z	29206	3432	16	B:1,H:1	2429
43	97321353-bf6b-480d-b289-eeb805c9be7c	2026-05-01T10:48:18Z	83848	3440	16	B:1,H:1	2429
43	97321353-bf6b-480d-b289-eeb805c9be7c	2026-05-01T11:04:43Z	118439	3461	16	B:1,H:1	2429
43	97321353-bf6b-480d-b289-eeb805c9be7c	2026-05-01T11:06:51Z	67523	3467	16	B:1,H:1	2429
43	97321353-bf6b-480d-b289-eeb805c9be7c	2026-05-01T11:07:46Z	67692	3468	16	B:1,H:1	2429
43	97321353-bf6b-480d-b289-eeb805c9be7c	2026-05-01T11:11:19Z	129831	3473	16	B:1,H:1	2429
43	97321353-bf6b-480d-b289-eeb805c9be7c	2026-05-01T11:40:27Z	177090	3509	16	B:1,H:1	2429
43	97321353-bf6b-480d-b289-eeb805c9be7c	2026-05-01T11:47:43Z	18605	3546	16	B:1,H:1	2429
43	97321353-bf6b-480d-b289-eeb805c9be7c	2026-05-01T11:51:15Z	74125	3551	16	B:1,H:1	2429
43	97321353-bf6b-480d-b289-eeb805c9be7c	2026-05-01T11:52:13Z	82075	3552	16	B:1,H:1	2429
43	97321353-bf6b-480d-b289-eeb805c9be7c	2026-05-01T12:03:28Z	177837	3601	16	B:1,H:1	2429
43	97321353-bf6b-480d-b289-eeb805c9be7c	2026-05-01T12:45:07Z	200484	3630	16	B:1,H:1	2429
43	97321353-bf6b-480d-b289-eeb805c9be7c	2026-05-01T12:48:08Z	81790	3641	16	B:1,H:1	2429
43	97321353-bf6b-480d-b289-eeb805c9be7c	2026-05-01T12:52:38Z	109210	3667	16	B:1,H:1	2429
43	97321353-bf6b-480d-b289-eeb805c9be7c	2026-05-01T14:18:15Z	156865	3698	16	B:1,H:1	2429
43	97321353-bf6b-480d-b289-eeb805c9be7c	2026-05-01T14:22:37Z	183850	3713	16	B:1,H:1	2429
43	97321353-bf6b-480d-b289-eeb805c9be7c	2026-05-01T14:23:58Z	66403	3719	16	B:1,H:1	2429
43	97321353-bf6b-480d-b289-eeb805c9be7c	2026-05-04T13:58:18Z	78113	3723	17	B:1,H:1	7449
43	20349260-fd41-46ae-8b99-a8e8827a63bb	2026-05-04T14:00:51Z	81108	3746	17	B:1,H:1	7451
43	20349260-fd41-46ae-8b99-a8e8827a63bb	2026-05-04T14:25:44Z	226053	3838	17	B:1,H:1	7451
43	28cd1d5a-0af3-43e0-aff5-0fb5213e8fb8	2026-05-04T14:29:57Z	102607	3879	18	B:1,H:1	7480
43	28cd1d5a-0af3-43e0-aff5-0fb5213e8fb8	2026-05-04T14:30:51Z	111342	3882	18	B:1,H:1	7480
43	28cd1d5a-0af3-43e0-aff5-0fb5213e8fb8	2026-05-04T14:32:44Z	25013	3886	18	B:1,H:1	7481
43	28cd1d5a-0af3-43e0-aff5-0fb5213e8fb8	2026-05-04T14:32:45Z	17844	3886	18	B:1,H:1	7481
43	28cd1d5a-0af3-43e0-aff5-0fb5213e8fb8	2026-05-04T14:33:03Z	17923	3888	18	B:1,H:1	7481
43	28cd1d5a-0af3-43e0-aff5-0fb5213e8fb8	2026-05-04T14:33:17Z	120306	3890	18	B:1,H:1	7481
43	28cd1d5a-0af3-43e0-aff5-0fb5213e8fb8	2026-05-04T14:33:32Z	44493	3893	18	B:1,H:1	7481
43	28cd1d5a-0af3-43e0-aff5-0fb5213e8fb8	2026-05-04T14:33:48Z	51670	3895	18	B:1,H:1	7481
43	28cd1d5a-0af3-43e0-aff5-0fb5213e8fb8	2026-05-04T14:34:00Z	60297	3900	18	B:1,H:1	7481
43	28cd1d5a-0af3-43e0-aff5-0fb5213e8fb8	2026-05-04T14:34:12Z	61376	3901	18	B:1,H:1	7481
43	28cd1d5a-0af3-43e0-aff5-0fb5213e8fb8	2026-05-04T14:34:20Z	61850	3903	18	B:1,H:1	7481
43	28cd1d5a-0af3-43e0-aff5-0fb5213e8fb8	2026-05-04T14:34:53Z	74810	3911	18	B:1,H:1	7481
43	28cd1d5a-0af3-43e0-aff5-0fb5213e8fb8	2026-05-04T14:34:53Z	27309	3911	18	B:1,H:1	7481
43	28cd1d5a-0af3-43e0-aff5-0fb5213e8fb8	2026-05-04T14:35:03Z	76368	3915	18	B:1,H:1	7481
43	28cd1d5a-0af3-43e0-aff5-0fb5213e8fb8	2026-05-04T14:35:27Z	71900	3922	18	B:1,H:1	7485
43	28cd1d5a-0af3-43e0-aff5-0fb5213e8fb8	2026-05-04T14:35:30Z	72819	3923	18	B:1,H:1	7485
43	28cd1d5a-0af3-43e0-aff5-0fb5213e8fb8	2026-05-04T14:35:47Z	74230	3927	18	B:1,H:1	7485
43	28cd1d5a-0af3-43e0-aff5-0fb5213e8fb8	2026-05-04T14:35:58Z	75455	3929	18	B:1,H:1	7485
43	28cd1d5a-0af3-43e0-aff5-0fb5213e8fb8	2026-05-04T14:36:16Z	127162	3930	18	B:1,H:1	7485
43	28cd1d5a-0af3-43e0-aff5-0fb5213e8fb8	2026-05-04T14:36:17Z	27996	3930	18	B:1,H:1	7485
43	28cd1d5a-0af3-43e0-aff5-0fb5213e8fb8	2026-05-04T14:36:35Z	129307	3931	18	B:1,H:1	7487
43	28cd1d5a-0af3-43e0-aff5-0fb5213e8fb8	2026-05-04T14:37:09Z	129307	3933	18	B:1,H:1	7487
43	28cd1d5a-0af3-43e0-aff5-0fb5213e8fb8	2026-05-04T14:37:31Z	130919	3935	18	B:1,H:1	7488
43	28cd1d5a-0af3-43e0-aff5-0fb5213e8fb8	2026-05-04T14:37:35Z	131989	3935	18	B:1,H:1	7488
43	28cd1d5a-0af3-43e0-aff5-0fb5213e8fb8	2026-05-04T14:42:18Z	147659	3942	18	B:1,H:1	7488
43	28cd1d5a-0af3-43e0-aff5-0fb5213e8fb8	2026-05-04T14:49:24Z	183215	3958	18	B:1,H:1	7493
43	28cd1d5a-0af3-43e0-aff5-0fb5213e8fb8	2026-05-04T14:56:59Z	119914	3995	18	B:1,H:1	7493
43	28cd1d5a-0af3-43e0-aff5-0fb5213e8fb8	2026-05-04T14:57:39Z	128052	4001	18	B:1,H:1	7493
43	28cd1d5a-0af3-43e0-aff5-0fb5213e8fb8	2026-05-04T14:58:29Z	44577	4002	18	B:1,H:1	7493
43	28cd1d5a-0af3-43e0-aff5-0fb5213e8fb8	2026-05-04T15:00:33Z	137408	4010	18	B:1,H:1	7493
43	4613a119-a2a8-4cd9-aaa2-581249826c6f	2026-05-04T15:06:12Z	178161	4038	18	B:1,H:1	7511
43	4613a119-a2a8-4cd9-aaa2-581249826c6f	2026-05-04T15:11:24Z	111729	4063	18	B:1,H:1	7517
43	69023f84-9a0f-40c9-be6c-0e5915b30b2b	2026-05-04T15:15:49Z	145496	4078	18	B:1,H:1	7522
43	69023f84-9a0f-40c9-be6c-0e5915b30b2b	2026-05-04T15:19:03Z	158570	4087	18	B:1,H:1	7522
43	69023f84-9a0f-40c9-be6c-0e5915b30b2b	2026-05-04T15:22:51Z	175390	4098	18	B:1,H:1	7529
43	69023f84-9a0f-40c9-be6c-0e5915b30b2b	2026-05-04T15:25:05Z	188477	4107	18	B:1,H:1	7533
43	69023f84-9a0f-40c9-be6c-0e5915b30b2b	2026-05-04T23:44:05Z	121049	4148	18	B:1,H:1	7535
43	8888373d-50f1-4857-9d73-cab8e3902d6d	2026-05-04T23:45:42Z	124174	4153	19	B:1,H:1	8036
43	8888373d-50f1-4857-9d73-cab8e3902d6d	2026-05-04T23:47:53Z	140082	4187	19	B:1,H:1	8036
43	8888373d-50f1-4857-9d73-cab8e3902d6d	2026-05-04T23:49:39Z	148186	4197	19	B:1,H:1	8038
43	8888373d-50f1-4857-9d73-cab8e3902d6d	2026-05-04T23:50:39Z	149877	4199	19	B:1,H:1	8040
43	8888373d-50f1-4857-9d73-cab8e3902d6d	2026-05-04T23:58:11Z	154284	4202	19	B:1,H:1	8041
43	8888373d-50f1-4857-9d73-cab8e3902d6d	2026-05-05T00:02:44Z	175308	4212	19	B:1,H:1	8049
43	8888373d-50f1-4857-9d73-cab8e3902d6d	2026-05-05T00:03:15Z	178592	4213	19	B:1,H:1	8053
43	8888373d-50f1-4857-9d73-cab8e3902d6d	2026-05-05T00:38:32Z	211413	4235	20	B:1,H:1	8088
43	8888373d-50f1-4857-9d73-cab8e3902d6d	2026-05-05T00:41:07Z	100162	4259	21	B:1,H:1	8091
43	44d99ce2-11d1-4298-baca-270a7454afa2	2026-05-05T00:43:49Z	105585	4271	21	B:1,H:1	8093
43	44d99ce2-11d1-4298-baca-270a7454afa2	2026-05-05T00:58:30Z	164158	4315	21	B:1,H:1	8099
43	44d99ce2-11d1-4298-baca-270a7454afa2	2026-05-05T01:14:23Z	186549	4338	22	B:1,H:1	8124
43	44d99ce2-11d1-4298-baca-270a7454afa2	2026-05-05T01:18:36Z	115417	4407	23	B:1,H:1	8129
46	798f4d85-4616-4f85-b45b-23d77ef94524	2026-05-05T01:34:09Z	136680	4607	23	B:1,H:1	8141
46	798f4d85-4616-4f85-b45b-23d77ef94524	2026-05-05T01:37:13Z	146841	4621	23	B:1,H:1	8146
46	798f4d85-4616-4f85-b45b-23d77ef94524	2026-05-05T01:41:47Z	157747	4627	24	B:1,H:1	8152
46	798f4d85-4616-4f85-b45b-23d77ef94524	2026-05-05T01:44:58Z	161871	4652	24	B:1,H:1	8152
46	798f4d85-4616-4f85-b45b-23d77ef94524	2026-05-05T01:45:18Z	162127	4655	24	B:1,H:1	8152
46	798f4d85-4616-4f85-b45b-23d77ef94524	2026-05-05T01:45:39Z	168997	4657	24	B:1,H:1	8152
46	798f4d85-4616-4f85-b45b-23d77ef94524	2026-05-05T01:46:00Z	170566	4659	24	B:1,H:1	8152
46	798f4d85-4616-4f85-b45b-23d77ef94524	2026-05-05T01:46:18Z	27790	4660	24	B:1,H:1	8152
46	798f4d85-4616-4f85-b45b-23d77ef94524	2026-05-05T01:46:40Z	174740	4661	24	B:1,H:1	8152
46	798f4d85-4616-4f85-b45b-23d77ef94524	2026-05-05T01:46:59Z	27788	4663	24	B:1,H:1	8152
46	798f4d85-4616-4f85-b45b-23d77ef94524	2026-05-05T01:47:29Z	175200	4665	24	B:1,H:1	8152
46	798f4d85-4616-4f85-b45b-23d77ef94524	2026-05-05T01:47:50Z	177680	4667	24	B:1,H:1	8152
46	798f4d85-4616-4f85-b45b-23d77ef94524	2026-05-05T01:48:16Z	179444	4672	24	B:1,H:1	8152
46	798f4d85-4616-4f85-b45b-23d77ef94524	2026-05-05T01:48:37Z	181393	4675	24	B:1,H:1	8152
46	798f4d85-4616-4f85-b45b-23d77ef94524	2026-05-05T01:48:55Z	18111	4676	24	B:1,H:1	8152
46	798f4d85-4616-4f85-b45b-23d77ef94524	2026-05-05T01:49:22Z	182961	4678	24	B:1,H:1	8152
46	798f4d85-4616-4f85-b45b-23d77ef94524	2026-05-05T01:49:41Z	18044	4679	24	B:1,H:1	8152
46	798f4d85-4616-4f85-b45b-23d77ef94524	2026-05-05T01:49:47Z	187259	4679	24	B:1,H:1	8152
46	798f4d85-4616-4f85-b45b-23d77ef94524	2026-05-05T01:51:38Z	99906	4695	24	B:1,H:1	8152
46	798f4d85-4616-4f85-b45b-23d77ef94524	2026-05-05T01:52:17Z	106785	4699	25	B:1,H:1	8162
46	798f4d85-4616-4f85-b45b-23d77ef94524	2026-05-05T01:52:45Z	106785	4714	25	B:1,H:1	8162
46	798f4d85-4616-4f85-b45b-23d77ef94524	2026-05-05T01:53:01Z	111372	4717	25	B:1,H:1	8162
46	81e386de-906e-4b5f-9095-9a6fc9b54f99	2026-05-05T01:53:50Z	68035	4727	25	B:1,H:1	8163
46	81e386de-906e-4b5f-9095-9a6fc9b54f99	2026-05-05T01:54:37Z	99577	4748	25	B:1,H:1	8163
46	81e386de-906e-4b5f-9095-9a6fc9b54f99	2026-05-05T01:55:06Z	99577	4750	25	B:1,H:1	8163
46	81e386de-906e-4b5f-9095-9a6fc9b54f99	2026-05-05T01:55:27Z	17840	4752	25	B:1,H:1	8163
46	81e386de-906e-4b5f-9095-9a6fc9b54f99	2026-05-05T01:55:46Z	17770	4753	25	B:1,H:1	8163
46	81e386de-906e-4b5f-9095-9a6fc9b54f99	2026-05-05T01:56:03Z	17785	4754	25	B:1,H:1	8163
46	81e386de-906e-4b5f-9095-9a6fc9b54f99	2026-05-05T01:56:07Z	102313	4754	25	B:1,H:1	8163
46	81e386de-906e-4b5f-9095-9a6fc9b54f99	2026-05-05T01:56:25Z	17799	4755	25	B:1,H:1	8163
46	81e386de-906e-4b5f-9095-9a6fc9b54f99	2026-05-05T01:56:45Z	104041	4766	25	B:1,H:1	8163
46	81e386de-906e-4b5f-9095-9a6fc9b54f99	2026-05-05T01:57:04Z	107012	4772	25	B:1,H:1	8163
46	81e386de-906e-4b5f-9095-9a6fc9b54f99	2026-05-05T01:57:11Z	17798	4773	25	B:1,H:1	8163
46	81e386de-906e-4b5f-9095-9a6fc9b54f99	2026-05-05T01:57:49Z	116020	4783	25	B:1,H:1	8163
46	81e386de-906e-4b5f-9095-9a6fc9b54f99	2026-05-05T01:57:54Z	116572	4783	25	B:1,H:1	8163
46	56ff97c3-0a83-4ce2-b190-07dc62a2b9c0	2026-05-05T01:58:08Z	116572	4785	25	B:1,H:1	8168
46	56ff97c3-0a83-4ce2-b190-07dc62a2b9c0	2026-05-05T01:58:28Z	116572	4787	25	B:1,H:1	8168
46	56ff97c3-0a83-4ce2-b190-07dc62a2b9c0	2026-05-05T02:00:39Z	132748	4820	25	B:1,H:1	8168
46	56ff97c3-0a83-4ce2-b190-07dc62a2b9c0	2026-05-05T02:01:30Z	67950	4839	25	B:1,H:1	8168
47	56ff97c3-0a83-4ce2-b190-07dc62a2b9c0	2026-05-05T02:02:18Z	100190	4853	25	B:1,H:1	8168
47	56ff97c3-0a83-4ce2-b190-07dc62a2b9c0	2026-05-05T02:02:40Z	106169	4860	25	B:1,H:1	8168
47	56ff97c3-0a83-4ce2-b190-07dc62a2b9c0	2026-05-05T02:03:01Z	108045	4868	25	B:1,H:1	8168
47	56ff97c3-0a83-4ce2-b190-07dc62a2b9c0	2026-05-05T02:03:22Z	111875	4871	25	B:1,H:1	8168
47	3ec28125-50b7-4505-92d6-7c67032f2a47	2026-05-05T02:03:51Z	112815	4875	25	B:1,H:1	8174
47	3ec28125-50b7-4505-92d6-7c67032f2a47	2026-05-05T02:04:09Z	43784	4876	25	B:1,H:1	8174
47	3ec28125-50b7-4505-92d6-7c67032f2a47	2026-05-05T02:04:32Z	126604	4879	25	B:1,H:1	8174
47	3ec28125-50b7-4505-92d6-7c67032f2a47	2026-05-05T02:05:16Z	129975	4883	25	B:1,H:1	8174
47	3ec28125-50b7-4505-92d6-7c67032f2a47	2026-05-05T02:05:54Z	37334	4886	25	B:1,H:1	8174
47	3ec28125-50b7-4505-92d6-7c67032f2a47	2026-05-05T02:06:19Z	50115	4893	25	B:1,H:1	8174
47	3ec28125-50b7-4505-92d6-7c67032f2a47	2026-05-05T02:06:58Z	61841	4898	25	B:1,H:1	8174
47	3ec28125-50b7-4505-92d6-7c67032f2a47	2026-05-05T02:09:02Z	86590	4922	25	B:1,H:1	8174
47	b5423d37-3e52-4bfb-9369-9fd3a8f025cd	2026-05-05T02:14:40Z	114324	4960	25	B:1,H:1	8185
47	b5423d37-3e52-4bfb-9369-9fd3a8f025cd	2026-05-05T02:20:38Z	164900	4978	25	B:1,H:1	8185
47	f4676eeb-6bd8-497f-9544-907308ac3e53	2026-05-05T03:22:59Z	94211	5123	29	B:1,H:1	8204
47	f4676eeb-6bd8-497f-9544-907308ac3e53	2026-05-05T03:40:24Z	169789	5129	29	B:1,H:1	8204
47	f4676eeb-6bd8-497f-9544-907308ac3e53	2026-05-05T03:51:25Z	235738	5159	29	B:1,H:1	8204
47	f4676eeb-6bd8-497f-9544-907308ac3e53	2026-05-05T04:02:19Z	297690	5177	29	B:1,H:1	8282
47	f4676eeb-6bd8-497f-9544-907308ac3e53	2026-05-05T04:19:24Z	231675	5223	29	B:1,H:1	8293
47	602bb5d4-b709-4df1-9431-c681a081d6c5	2026-05-05T04:34:32Z	203655	5300	29	B:1,R:1,F:1,H:1	8316
47	28a8e95b-0d72-4654-8ae5-c9ed19ef9939	2026-05-05T04:55:07Z	217692	5387	29	B:1,R:1,F:1,H:1	8325
47	1b9cb260-0423-4c9b-bc90-26de9fe64a5f	2026-05-05T05:01:51Z	256865	5404	29	B:1,R:1,F:1,H:1	8345
47	1b9cb260-0423-4c9b-bc90-26de9fe64a5f	2026-05-05T05:17:23Z	122805	5441	29	B:1,R:1,F:1,H:1	8345
47	08ad1691-0971-40ff-8158-89da342b65dc	2026-05-05T05:27:14Z	183351	5472	29	B:1,R:1,F:1,H:1	8368
47	08ad1691-0971-40ff-8158-89da342b65dc	2026-05-05T06:14:19Z	150736	5536	29	B:1,R:1,F:1,H:1	8368
47	08ad1691-0971-40ff-8158-89da342b65dc	2026-05-05T06:24:50Z	212555	5587	29	B:1,R:1,F:1,H:1	8368
47	08ad1691-0971-40ff-8158-89da342b65dc	2026-05-05T06:39:15Z	177565	5619	29	B:1,R:1,F:1,H:1	8368
47	08ad1691-0971-40ff-8158-89da342b65dc	2026-05-05T06:49:25Z	141712	5664	29	B:1,R:1,F:1,H:1	8368
47	08ad1691-0971-40ff-8158-89da342b65dc	2026-05-05T07:04:51Z	226693	5713	29	B:1,R:1,F:1,H:1	8368
47	08ad1691-0971-40ff-8158-89da342b65dc	2026-05-05T09:38:32Z	196063	5783	29	B:1,R:1,F:1,H:1	8368
47	08ad1691-0971-40ff-8158-89da342b65dc	2026-05-05T10:06:00Z	281641	5942	29	B:1,R:1,F:1,H:1	8368
49	08ad1691-0971-40ff-8158-89da342b65dc	2026-05-05T10:16:59Z	132071	6019	29	B:1,R:1,F:1,H:1	8368
49	08ad1691-0971-40ff-8158-89da342b65dc	2026-05-05T10:53:10Z	239249	6077	30	B:1,R:1,F:1,H:1	8703
49	08ad1691-0971-40ff-8158-89da342b65dc	2026-05-05T11:04:50Z	149700	6171	30	B:1,R:1,F:1,H:1	8703
49	08ad1691-0971-40ff-8158-89da342b65dc	2026-05-05T11:12:13Z	173492	6180	30	B:1,R:1,F:1,H:1	8703
49	08ad1691-0971-40ff-8158-89da342b65dc	2026-05-05T11:20:17Z	223457	6195	30	B:1,R:1,F:1,H:1	8703
49	08ad1691-0971-40ff-8158-89da342b65dc	2026-05-05T11:48:20Z	229379	6197	30	B:1,R:1,F:1,H:1	8703
49	08ad1691-0971-40ff-8158-89da342b65dc	2026-05-05T12:03:58Z	237110	6198	30	B:1,R:1,F:1,H:1	8703
49	08ad1691-0971-40ff-8158-89da342b65dc	2026-05-05T12:12:38Z	113246	6225	30	B:1,R:1,F:1,H:1	8703
49	08ad1691-0971-40ff-8158-89da342b65dc	2026-05-05T12:24:04Z	172858	6253	30	B:1,R:1,F:1,H:1	8703
49	08ad1691-0971-40ff-8158-89da342b65dc	2026-05-05T12:30:14Z	191205	6278	31	B:1,R:1,F:1,H:1	8799
49	08ad1691-0971-40ff-8158-89da342b65dc	2026-05-05T12:32:40Z	75373	6293	31	B:1,R:1,F:1,H:1	8799
49	040b98a4-76e6-42d6-8df9-28986cf96d89	2026-05-05T12:59:35Z	252987	6373	31	B:1,R:1,F:1,H:1	8807
49	040b98a4-76e6-42d6-8df9-28986cf96d89	2026-05-05T13:16:05Z	160945	6408	31	B:1,R:1,F:1,H:1	8807
49	040b98a4-76e6-42d6-8df9-28986cf96d89	2026-05-05T13:28:22Z	234000	6423	31	B:1,R:1,F:1,H:1	8807
49	040b98a4-76e6-42d6-8df9-28986cf96d89	2026-05-05T13:47:31Z	186856	6471	31	B:1,R:1,F:1,H:1	8807
55	040b98a4-76e6-42d6-8df9-28986cf96d89	2026-05-05T14:01:23Z	150221	6501	31	B:1,R:1,F:1,H:1	8807
56	040b98a4-76e6-42d6-8df9-28986cf96d89	2026-05-05T14:17:53Z	231703	6535	31	B:1,R:1,F:1,H:1	8807
57	040b98a4-76e6-42d6-8df9-28986cf96d89	2026-05-05T14:39:15Z	192734	6577	31	B:1,R:1,F:1,H:1	8807
58	unknown	2026-05-05T15:09:31Z	258861	6630	31	B:1,R:1,F:1,H:1	8807
59	unknown	2026-05-05T15:31:38Z	193716	6695	31	B:1,R:1,F:1,H:1	8807
60	unknown	2026-05-05T15:49:08Z	152175	6752	31	B:1,R:1,F:1,H:1	8807
61	unknown	2026-05-05T16:00:20Z	205837	6784	31	B:1,R:1,F:1,H:1	8807
62	unknown	2026-05-05T16:24:35Z	191227	6860	31	B:1,R:1,F:1,H:1	8807
63	unknown	2026-05-05T16:42:28Z	168716	6908	31	B:1,R:1,F:1,H:1	8807
63	unknown	2026-05-05T16:48:15Z	208440	6941	32	B:1,R:1,F:1,H:1	9058
63	unknown	2026-05-05T16:53:00Z	104675	7041	33	B:1,R:1,F:1,H:1	9062
64	2df6e9af-7f18-4b46-89a2-51bdcedef08e	2026-05-05T17:17:45Z	179492	7124	33	B:1,R:1,F:1,H:1	9079
64	2df6e9af-7f18-4b46-89a2-51bdcedef08e	2026-05-05T17:23:43Z	116057	7160	34	B:1,R:1,F:1,H:1	9094
64	0c44c54b-ea6a-445d-a08b-5ed305027be3	2026-05-05T23:48:23Z	200638	7206	34	B:1,R:1,F:1,H:1	9105
64	0c44c54b-ea6a-445d-a08b-5ed305027be3	2026-05-06T00:01:48Z	202245	7207	34	B:1,R:1,F:1,H:1	9479
64	0c44c54b-ea6a-445d-a08b-5ed305027be3	2026-05-06T00:27:31Z	226303	7220	34	B:1,R:1,F:1,H:1	9479
65	0c44c54b-ea6a-445d-a08b-5ed305027be3	2026-05-06T00:52:48Z	341284	7277	34	B:1,R:1,F:1,H:1	9479
65	0c44c54b-ea6a-445d-a08b-5ed305027be3	2026-05-06T01:00:32Z	131156	7343	35	B:1,R:1,F:1,H:1	9550
65	95b9527e-ddad-4b3f-8f63-a262ec92fde0	2026-05-06T01:04:13Z	144813	7384	35	B:1,R:1,F:1,H:1	9551
65	95b9527e-ddad-4b3f-8f63-a262ec92fde0	2026-05-06T01:44:12Z	166724	7592	35	B:1,R:1,F:1,H:1	9575
66	95b9527e-ddad-4b3f-8f63-a262ec92fde0	2026-05-06T02:16:51Z	266491	7832	35	B:1,R:1,F:1,H:1	9599
66	fe7b497a-9b5f-468a-8f94-075def625022	2026-05-06T02:18:48Z	9246	7845	35	B:1,R:1,F:1,H:1	9629
66	fe7b497a-9b5f-468a-8f94-075def625022	2026-05-06T02:21:57Z	62995	7848	35	B:1,R:1,F:1,H:1	9629
66	fe7b497a-9b5f-468a-8f94-075def625022	2026-05-06T02:41:15Z	161729	7915	36	B:1,R:1,F:1,H:1	9647
66	fe7b497a-9b5f-468a-8f94-075def625022	2026-05-06T02:48:23Z	175687	7935	37	B:1,R:1,F:1,H:1	9658
66	fe7b497a-9b5f-468a-8f94-075def625022	2026-05-06T02:50:27Z	177942	7942	37	B:1,R:1,F:1,H:1	9658
67	fe7b497a-9b5f-468a-8f94-075def625022	2026-05-06T03:02:49Z	157298	8060	37	B:1,R:1,F:1,H:1	9658
67	753b9479-6043-45f6-9a05-9a3222d4701e	2026-05-06T03:18:11Z	209911	8158	37	B:1,R:1,F:1,H:1	9673
68	753b9479-6043-45f6-9a05-9a3222d4701e	2026-05-06T03:44:45Z	220201	8247	37	B:1,R:1,F:1,H:1	9689
69	010c8cd5-4d07-48d7-888d-dee67bb0e27c	2026-05-06T04:10:46Z	216942	8325	37	B:1,R:1,F:1,H:1	9715
70	c9bd3831-b7df-41f7-be20-c5e77bdf7468	2026-05-06T04:21:42Z	137176	8366	37	B:1,R:1,F:1,H:1	9741
71	8054f5e7-46b0-45b8-a867-23bf868020b9	2026-05-06T04:30:38Z	186035	8382	37	B:1,R:1,F:1,H:1	9752
72	8054f5e7-46b0-45b8-a867-23bf868020b9	2026-05-06T04:40:45Z	139342	8417	37	B:1,R:1,F:1,H:1	9761
73	8054f5e7-46b0-45b8-a867-23bf868020b9	2026-05-06T04:54:44Z	210757	8461	37	B:1,R:1,F:1,H:1	9761
74	554b9306-d1ad-4754-8f04-73011ef8a3a4	2026-05-06T05:08:20Z	166627	8512	37	B:1,R:1,F:1,H:1	9785
75	c8b66335-3af8-499d-ac26-2f236ebe0821	2026-05-06T05:21:33Z	223090	8544	37	B:1,R:1,F:1,H:1	9799
76	c8b66335-3af8-499d-ac26-2f236ebe0821	2026-05-06T05:40:58Z	179442	8592	37	B:1,R:1,F:1,H:1	9812
77	93000f2a-81dc-4705-8c37-76db11cea564	2026-05-06T05:56:04Z	261089	8631	37	B:1,R:1,F:1,H:1	9831
78	93000f2a-81dc-4705-8c37-76db11cea564	2026-05-06T06:14:45Z	158599	8681	37	B:1,R:1,F:1,H:1	9846
79	678a9533-aa12-492c-9d3e-ac00dbbe8988	2026-05-06T06:25:58Z	197382	8708	37	B:1,R:1,F:1,H:1	9865
80	678a9533-aa12-492c-9d3e-ac00dbbe8988	2026-05-06T07:14:19Z	309985	8841	37	B:1,R:1,F:1,H:1	9876
81	69219b8d-99cc-4a0d-bf36-b75522a408f9	2026-05-06T07:39:05Z	179133	8898	37	B:1,R:1,F:1,H:1	9925
82	764a01ea-a879-4d2c-840d-5087aa25d2e4	2026-05-06T07:52:03Z	223421	8935	37	B:1,R:1,F:1,H:1	9949
83	764a01ea-a879-4d2c-840d-5087aa25d2e4	2026-05-06T08:08:42Z	156597	8989	37	B:1,R:1,F:1,H:1	9962
84	9c48f51f-0f46-4ce0-af52-19372a86f788	2026-05-06T08:21:28Z	208308	9018	37	B:1,R:1,F:1,H:1	9979
85	9c48f51f-0f46-4ce0-af52-19372a86f788	2026-05-06T08:38:19Z	138760	9065	37	B:1,R:1,F:1,H:1	9992
85	9c48f51f-0f46-4ce0-af52-19372a86f788	2026-05-06T08:41:21Z	139982	9068	37	B:1,R:1,F:1,H:1	9992
85	9c48f51f-0f46-4ce0-af52-19372a86f788	2026-05-06T08:52:26Z	187401	9092	37	B:1,R:1,F:1,H:1	9992
86	d46d9f32-a15d-4922-b1b8-3708839b08d3	2026-05-06T09:04:58Z	158440	9139	37	B:1,R:1,F:1,H:1	10023
87	44f2fb06-a57a-4f3b-8edd-c752a1bd97ac	2026-05-06T09:13:34Z	201915	9161	37	B:1,R:1,F:1,H:1	10035
88	44f2fb06-a57a-4f3b-8edd-c752a1bd97ac	2026-05-06T09:25:30Z	136076	9206	37	B:1,R:1,F:1,H:1	10044
89	8c3aaf3a-bab7-4c40-9efa-0c8d806a8d4f	2026-05-06T09:34:03Z	171736	9233	37	B:1,R:1,F:1,H:1	10056
90	8c3aaf3a-bab7-4c40-9efa-0c8d806a8d4f	2026-05-06T09:40:21Z	194320	9249	37	B:1,R:1,F:1,H:1	10064
91	8c3aaf3a-bab7-4c40-9efa-0c8d806a8d4f	2026-05-06T09:48:51Z	97175	9266	37	B:1,R:1,F:1,H:1	10071
92	8c3aaf3a-bab7-4c40-9efa-0c8d806a8d4f	2026-05-06T09:59:20Z	154039	9288	37	B:1,R:1,F:1,H:1	10071
92	8c3aaf3a-bab7-4c40-9efa-0c8d806a8d4f	2026-05-06T10:02:39Z	178672	9292	37	B:1,R:1,F:1,H:1	10071
93	8c3aaf3a-bab7-4c40-9efa-0c8d806a8d4f	2026-05-06T10:10:24Z	92266	9304	37	B:1,R:1,F:1,H:1	10071
94	712d9e02-2582-4135-bf9b-3281fe414786	2026-05-06T10:18:48Z	121676	9313	37	B:1,R:1,F:1,H:1	10101
95	712d9e02-2582-4135-bf9b-3281fe414786	2026-05-06T10:26:45Z	146658	9323	37	B:1,R:1,F:1,H:1	10109
96	712d9e02-2582-4135-bf9b-3281fe414786	2026-05-06T10:31:20Z	168727	9330	37	B:1,R:1,F:1,H:1	10117
97	712d9e02-2582-4135-bf9b-3281fe414786	2026-05-06T10:36:27Z	185178	9337	37	B:1,R:1,F:1,H:1	10122
98	712d9e02-2582-4135-bf9b-3281fe414786	2026-05-06T10:50:34Z	137354	9381	37	B:1,R:1,F:1,H:1	10127
99	712d9e02-2582-4135-bf9b-3281fe414786	2026-05-06T11:10:07Z	225715	16	37	-	10127
99	dc47f5fb-3322-4d5d-be02-b08995cddf58	2026-05-06T11:56:40Z	134861	53	37	-	10161
99	7ce29fc0-b039-4a2a-9e33-a8948d63e223	2026-05-06T12:16:30Z	201020	95	37	-	10207
101	7ce29fc0-b039-4a2a-9e33-a8948d63e223	2026-05-06T12:37:50Z	171587	173	37	-	10227
102	9dd96dd1-6201-4613-a306-68f076c47f11	2026-05-06T12:47:26Z	204370	204	37	-	10248
103	9dd96dd1-6201-4613-a306-68f076c47f11	2026-05-06T13:09:05Z	158993	279	37	-	10258
104	66bb6b09-7793-4b3c-9dbe-7f8a3ff59fa7	2026-05-06T13:15:20Z	182022	294	37	-	10279
105	66bb6b09-7793-4b3c-9dbe-7f8a3ff59fa7	2026-05-06T13:24:29Z	131668	337	37	-	10286
106	641d1f7a-76ca-4cac-9e4b-345f854ce79d	2026-05-06T13:37:57Z	178325	365	37	-	10295
107	641d1f7a-76ca-4cac-9e4b-345f854ce79d	2026-05-06T13:42:06Z	200068	379	37	-	10308
108	641d1f7a-76ca-4cac-9e4b-345f854ce79d	2026-05-06T14:05:49Z	189625	463	37	-	10312
109	a66c838a-2292-4d0c-8968-e81af473cb00	2026-05-06T14:30:20Z	215444	531	37	-	10336
109	0df7c0ca-e6f0-4ca0-866e-90d5895617a5	2026-05-06T14:31:37Z	221405	532	37	-	10361
110	0df7c0ca-e6f0-4ca0-866e-90d5895617a5	2026-05-06T14:39:11Z	113844	576	37	-	10361
111	33b166a5-a382-4751-a474-3795d03df56e	2026-05-06T14:54:21Z	189771	626	37	-	10370
112	33b166a5-a382-4751-a474-3795d03df56e	2026-05-06T15:06:46Z	121744	663	37	-	10385
113	839308c1-44c2-429e-bce7-56f5a222c2e7	2026-05-06T15:11:45Z	148181	678	37	-	10397
114	839308c1-44c2-429e-bce7-56f5a222c2e7	2026-05-06T15:18:16Z	178809	701	37	-	10402
115	839308c1-44c2-429e-bce7-56f5a222c2e7	2026-05-06T15:34:01Z	203568	717	37	-	10409
116	839308c1-44c2-429e-bce7-56f5a222c2e7	2026-05-06T15:41:52Z	105699	744	37	-	10409
117	39053b37-81f7-4a79-acb8-04c6c8052754	2026-05-06T16:03:18Z	199947	785	37	-	10432
118	39053b37-81f7-4a79-acb8-04c6c8052754	2026-05-06T16:22:01Z	137580	850	37	-	10454
119	82606b5b-61dd-4534-ad1e-29f3728bdcaf	2026-05-06T16:27:23Z	158920	864	37	-	10472
120	82606b5b-61dd-4534-ad1e-29f3728bdcaf	2026-05-06T16:32:57Z	183539	877	37	-	10478
121	82606b5b-61dd-4534-ad1e-29f3728bdcaf	2026-05-06T16:49:46Z	140994	917	37	-	10483
122	b2ebb711-99b3-46aa-b967-bdf9a67c93ca	2026-05-06T16:55:38Z	167467	929	37	-	10500
123	b2ebb711-99b3-46aa-b967-bdf9a67c93ca	2026-05-06T17:01:57Z	184885	938	37	-	10506
124	b2ebb711-99b3-46aa-b967-bdf9a67c93ca	2026-05-06T17:19:43Z	178136	985	37	-	10512
125	4545df85-acab-4664-a713-c3a2bcf9daca	2026-05-06T17:25:21Z	200096	999	37	-	10530
126	4545df85-acab-4664-a713-c3a2bcf9daca	2026-05-06T17:36:35Z	126740	1036	37	-	10536
127	79b26301-d416-45f9-ba4a-d943eb959be4	2026-05-06T17:44:41Z	161064	1053	37	-	10547
128	79b26301-d416-45f9-ba4a-d943eb959be4	2026-05-06T17:50:29Z	186045	1069	37	-	10555
129	79b26301-d416-45f9-ba4a-d943eb959be4	2026-05-06T18:13:34Z	201469	1113	37	-	10561
130	7459a326-32d4-4497-ad57-75434a9c43d8	2026-05-06T18:33:26Z	177579	1157	37	-	10584
131	7459a326-32d4-4497-ad57-75434a9c43d8	2026-05-06T18:43:32Z	233530	1178	37	-	10584
132	7459a326-32d4-4497-ad57-75434a9c43d8	2026-05-06T18:55:53Z	129301	1220	37	-	10584
133	7459a326-32d4-4497-ad57-75434a9c43d8	2026-05-06T19:03:51Z	167291	1241	37	-	10584
134	7459a326-32d4-4497-ad57-75434a9c43d8	2026-05-06T19:13:33Z	212119	1261	37	-	10584
135	7459a326-32d4-4497-ad57-75434a9c43d8	2026-05-06T19:32:21Z	167074	1328	37	-	10584
136	7459a326-32d4-4497-ad57-75434a9c43d8	2026-05-06T19:42:54Z	201885	1351	37	-	10584
137	7459a326-32d4-4497-ad57-75434a9c43d8	2026-05-06T19:53:29Z	119528	1396	37	-	10584
138	7459a326-32d4-4497-ad57-75434a9c43d8	2026-05-06T19:57:14Z	130236	1404	37	-	10584
139	7459a326-32d4-4497-ad57-75434a9c43d8	2026-05-06T20:02:52Z	157115	1420	37	-	10584
140	7459a326-32d4-4497-ad57-75434a9c43d8	2026-05-06T20:07:33Z	177758	1430	37	-	10584
141	7459a326-32d4-4497-ad57-75434a9c43d8	2026-05-06T20:25:33Z	147538	1467	37	-	10584
142	7459a326-32d4-4497-ad57-75434a9c43d8	2026-05-06T20:31:24Z	176985	1474	37	-	10584
143	7459a326-32d4-4497-ad57-75434a9c43d8	2026-05-06T20:37:19Z	203806	1484	37	-	10584
144	7459a326-32d4-4497-ad57-75434a9c43d8	2026-05-06T20:42:00Z	79964	1500	37	-	10584
145	7459a326-32d4-4497-ad57-75434a9c43d8	2026-05-06T20:46:05Z	98601	1509	37	-	10584
146	7459a326-32d4-4497-ad57-75434a9c43d8	2026-05-06T20:50:53Z	124931	1525	37	-	10584
147	7459a326-32d4-4497-ad57-75434a9c43d8	2026-05-06T20:59:39Z	171191	1541	37	-	10584
148	7459a326-32d4-4497-ad57-75434a9c43d8	2026-05-06T21:03:25Z	189422	1548	37	-	10584
149	7459a326-32d4-4497-ad57-75434a9c43d8	2026-05-06T21:09:02Z	112113	1578	37	-	10584
150	7459a326-32d4-4497-ad57-75434a9c43d8	2026-05-06T21:12:37Z	125191	1585	37	-	10584
151	0b21d563-6add-48cd-b857-24fe9275cc63	2026-05-06T21:16:23Z	141016	1593	37	-	10763
152	0b21d563-6add-48cd-b857-24fe9275cc63	2026-05-06T21:20:32Z	159853	1605	37	-	10767
153	0b21d563-6add-48cd-b857-24fe9275cc63	2026-05-06T21:23:58Z	175842	1613	37	-	10771
154	0b21d563-6add-48cd-b857-24fe9275cc63	2026-05-06T21:27:23Z	191229	1621	37	-	10774
155	0b21d563-6add-48cd-b857-24fe9275cc63	2026-05-06T21:33:05Z	86896	1645	37	-	10778
156	eddc9801-9246-4c83-bb6d-43144dca977c	2026-05-06T21:37:03Z	108921	1656	37	-	10783
157	eddc9801-9246-4c83-bb6d-43144dca977c	2026-05-06T21:39:52Z	122884	1664	37	-	10787
158	eddc9801-9246-4c83-bb6d-43144dca977c	2026-05-06T21:44:09Z	142804	1678	37	-	10790
159	eddc9801-9246-4c83-bb6d-43144dca977c	2026-05-06T21:46:24Z	155331	1684	37	-	10795
160	eddc9801-9246-4c83-bb6d-43144dca977c	2026-05-06T21:48:38Z	166287	1690	37	-	10797
161	eddc9801-9246-4c83-bb6d-43144dca977c	2026-05-06T21:51:35Z	179249	1699	37	-	10799
162	eddc9801-9246-4c83-bb6d-43144dca977c	2026-05-06T21:55:03Z	86194	1717	37	-	10802
163	1affff7b-72e7-4053-940a-67e2e9eedad4	2026-05-06T22:00:02Z	95174	1724	37	-	10805
164	1affff7b-72e7-4053-940a-67e2e9eedad4	2026-05-06T22:03:36Z	120239	1739	37	-	10805
165	1affff7b-72e7-4053-940a-67e2e9eedad4	2026-05-06T22:05:58Z	134260	1746	37	-	10814
166	1affff7b-72e7-4053-940a-67e2e9eedad4	2026-05-06T22:08:26Z	148470	1753	37	-	10816
167	1affff7b-72e7-4053-940a-67e2e9eedad4	2026-05-06T22:11:24Z	164955	1765	37	-	10819
168	1affff7b-72e7-4053-940a-67e2e9eedad4	2026-05-06T22:13:50Z	178748	1772	37	-	10822
169	1affff7b-72e7-4053-940a-67e2e9eedad4	2026-05-06T22:17:36Z	76924	1786	37	-	10824
169	a5506dea-17e7-4c26-9217-d289918c602d	2026-05-06T22:19:31Z	81696	1789	37	-	10828
170	a5506dea-17e7-4c26-9217-d289918c602d	2026-05-06T22:24:09Z	110364	1806	37	-	10830
170	a5506dea-17e7-4c26-9217-d289918c602d	2026-05-06T22:25:26Z	114253	1808	37	-	10830
171	a5506dea-17e7-4c26-9217-d289918c602d	2026-05-06T23:04:52Z	188923	1843	37	-	10836
172	a5506dea-17e7-4c26-9217-d289918c602d	2026-05-06T23:20:42Z	207122	1907	37	-	10836
173	ed161ca8-8b3b-4e3c-bcf6-22055bca5064	2026-05-07T00:19:22Z	284346	1964	37	-	10891
174	8899906c-81b8-4403-944c-1a5bae145844	2026-05-07T00:58:18Z	232742	2032	37	-	10950
175	c77690d2-8208-4652-a5e8-5cb79b3722e3	2026-05-07T01:18:41Z	225609	2103	37	-	10989
176	e79835ac-886f-4624-8683-dee1aa8cb3e3	2026-05-07T01:34:48Z	151700	2145	37	-	11009
177	ef9a1c57-23ae-436e-ac00-422b2e1014c5	2026-05-07T01:53:15Z	221285	2171	37	-	11025
178	ef9a1c57-23ae-436e-ac00-422b2e1014c5	2026-05-07T02:08:03Z	198062	2217	37	-	11044
179	bcef33d2-d3e6-4bb3-88e6-c8dc4435586d	2026-05-07T02:33:05Z	242324	2305	37	-	11058
180	45673f84-986b-402e-bc9b-1e2e34b8d493	2026-05-07T03:06:27Z	223679	2369	37	-	11083
181	607828ae-d5fb-42cd-ac70-7caa513ac6a5	2026-05-07T03:31:27Z	220812	2460	37	-	11117
182	8c0b72d1-5b35-4cf6-84ac-bcde33cb372d	2026-05-07T03:43:20Z	161388	2496	37	-	11142
183	ccfbc00c-e8f3-4157-bd71-c3f4972ada70	2026-05-07T03:57:19Z	230040	2515	37	-	11154
184	ccfbc00c-e8f3-4157-bd71-c3f4972ada70	2026-05-07T04:15:34Z	176553	2579	37	-	11168
185	6556fdf0-cb26-4710-84da-03c274528329	2026-05-07T04:26:14Z	225300	2609	37	-	11186
186	6556fdf0-cb26-4710-84da-03c274528329	2026-05-07T04:49:33Z	164842	2658	37	-	11197
186	84945962-4708-4dbe-bd25-5f00131eb036	2026-05-07T05:02:11Z	227512	2691	37	-	11220
188	84945962-4708-4dbe-bd25-5f00131eb036	2026-05-07T05:25:22Z	203237	2749	37	-	11233
189	1577587f-cdf6-417c-ac71-ccefea672cac	2026-05-08T08:11:23Z	296417	2786	37	-	11256
203	76f9cc94-3bcc-4e33-aa85-0ed0de72d750	2026-05-10T13:09:15Z	201272	2850	38	C:63	16038
203	76f9cc94-3bcc-4e33-aa85-0ed0de72d750	2026-05-10T13:12:04Z	70183	2878	39	C:91	16042
203	ff85e8d5-9878-495b-84a1-ebce222de37d	2026-05-10T13:14:57Z	75581	2905	39	C:118	16042
203	ff85e8d5-9878-495b-84a1-ebce222de37d	2026-05-10T13:38:10Z	97562	2959	40	C:172	16064
203	ff85e8d5-9878-495b-84a1-ebce222de37d	2026-05-10T13:40:23Z	106147	2973	40	C:186	16069
203	ff85e8d5-9878-495b-84a1-ebce222de37d	2026-05-10T13:51:23Z	123592	2983	40	C:196	16077
203	ff85e8d5-9878-495b-84a1-ebce222de37d	2026-05-10T13:54:24Z	140829	2986	40	C:199	16082
203	ff85e8d5-9878-495b-84a1-ebce222de37d	2026-05-10T13:59:48Z	23993	2990	41	C:203	16087
203	ff85e8d5-9878-495b-84a1-ebce222de37d	2026-05-10T14:02:01Z	152818	3014	41	C:227	16087
203	ff85e8d5-9878-495b-84a1-ebce222de37d	2026-05-10T14:04:23Z	35045	3019	41	C:232	16087
203	ff85e8d5-9878-495b-84a1-ebce222de37d	2026-05-10T14:06:03Z	35167	3027	41	C:240	16095
203	ff85e8d5-9878-495b-84a1-ebce222de37d	2026-05-10T14:06:51Z	180403	3029	41	C:242	16095
203	ff85e8d5-9878-495b-84a1-ebce222de37d	2026-05-10T14:11:34Z	73615	3051	42	C:264	16102
203	76206129-c2ca-4d5c-943e-80aedc26264b	2026-05-10T14:11:43Z	21358	3054	42	C:267	16102
203	76206129-c2ca-4d5c-943e-80aedc26264b	2026-05-10T14:14:22Z	73293	3078	42	C:291	16102
203	76206129-c2ca-4d5c-943e-80aedc26264b	2026-05-10T14:16:14Z	32051	3084	42	C:297	16102
203	76206129-c2ca-4d5c-943e-80aedc26264b	2026-05-10T14:16:47Z	109504	3086	42	C:299	16102
203	76206129-c2ca-4d5c-943e-80aedc26264b	2026-05-10T14:18:02Z	32174	3089	42	C:302	16107
203	76206129-c2ca-4d5c-943e-80aedc26264b	2026-05-10T14:19:05Z	115161	3093	42	C:306	16107
203	76206129-c2ca-4d5c-943e-80aedc26264b	2026-05-10T14:21:35Z	126693	3098	42	C:311	16107
203	76206129-c2ca-4d5c-943e-80aedc26264b	2026-05-10T14:27:31Z	21759	3115	42	C:328	16107
203	76206129-c2ca-4d5c-943e-80aedc26264b	2026-05-10T14:30:41Z	161309	3132	42	C:345	16107
203	76206129-c2ca-4d5c-943e-80aedc26264b	2026-05-10T14:30:52Z	161309	3133	42	C:346	16121
203	76206129-c2ca-4d5c-943e-80aedc26264b	2026-05-10T14:32:59Z	32387	3136	42	C:349	16121
203	76206129-c2ca-4d5c-943e-80aedc26264b	2026-05-10T14:33:53Z	168622	3142	42	C:355	16121
203	76206129-c2ca-4d5c-943e-80aedc26264b	2026-05-10T14:34:55Z	32509	3142	42	C:355	16121
203	76206129-c2ca-4d5c-943e-80aedc26264b	2026-05-10T14:37:25Z	170908	3144	42	C:357	16121
203	76206129-c2ca-4d5c-943e-80aedc26264b	2026-05-10T14:42:11Z	171562	3147	42	C:360	16128
203	76206129-c2ca-4d5c-943e-80aedc26264b	2026-05-10T14:43:44Z	23290	3148	42	C:361	16133
203	76206129-c2ca-4d5c-943e-80aedc26264b	2026-05-10T14:44:58Z	172388	3150	42	C:363	16133
203	76206129-c2ca-4d5c-943e-80aedc26264b	2026-05-10T14:46:34Z	76560	3157	42	C:370	16135
203	76206129-c2ca-4d5c-943e-80aedc26264b	2026-05-10T14:47:52Z	172930	3159	42	C:372	16135
203	76206129-c2ca-4d5c-943e-80aedc26264b	2026-05-10T14:48:43Z	33468	3159	42	C:372	16135
203	76206129-c2ca-4d5c-943e-80aedc26264b	2026-05-10T14:50:00Z	173327	3161	42	C:374	16135
203	76206129-c2ca-4d5c-943e-80aedc26264b	2026-05-10T14:50:31Z	34279	3162	42	C:375	16141
203	76206129-c2ca-4d5c-943e-80aedc26264b	2026-05-10T14:52:53Z	173782	3164	42	C:377	16141
203	76206129-c2ca-4d5c-943e-80aedc26264b	2026-05-10T14:55:30Z	21915	3165	42	C:378	16143
203	76206129-c2ca-4d5c-943e-80aedc26264b	2026-05-10T14:58:08Z	174765	3167	42	C:380	16143
203	76206129-c2ca-4d5c-943e-80aedc26264b	2026-05-10T14:59:15Z	175113	3171	42	C:384	16148
203	76206129-c2ca-4d5c-943e-80aedc26264b	2026-05-10T15:00:51Z	78121	3176	42	C:389	16150
203	76206129-c2ca-4d5c-943e-80aedc26264b	2026-05-10T15:01:46Z	175692	3178	42	C:391	16150
203	76206129-c2ca-4d5c-943e-80aedc26264b	2026-05-10T15:02:38Z	32710	3179	42	C:392	16152
203	76206129-c2ca-4d5c-943e-80aedc26264b	2026-05-10T15:03:55Z	176211	3181	42	C:394	16152
203	76206129-c2ca-4d5c-943e-80aedc26264b	2026-05-10T15:04:15Z	32832	3182	42	C:395	16154
203	76206129-c2ca-4d5c-943e-80aedc26264b	2026-05-10T15:08:08Z	182559	3185	43	C:398	16158
203	76206129-c2ca-4d5c-943e-80aedc26264b	2026-05-10T15:14:43Z	201796	3214	44	C:427	16165
203	76206129-c2ca-4d5c-943e-80aedc26264b	2026-05-10T15:31:01Z	222812	3250	45	C:463	16181
203	76206129-c2ca-4d5c-943e-80aedc26264b	2026-05-10T15:44:15Z	39910	3281	45	C:494	16189
203	76206129-c2ca-4d5c-943e-80aedc26264b	2026-05-10T15:46:21Z	241565	3288	45	C:501	16189
203	76206129-c2ca-4d5c-943e-80aedc26264b	2026-05-10T15:49:13Z	245731	3295	45	C:508	16189
203	76206129-c2ca-4d5c-943e-80aedc26264b	2026-05-10T15:54:35Z	246253	3298	45	C:511	16203
203	76206129-c2ca-4d5c-943e-80aedc26264b	2026-05-10T15:57:28Z	24188	3298	45	C:511	16203
203	76206129-c2ca-4d5c-943e-80aedc26264b	2026-05-10T15:58:50Z	246638	3300	45	C:513	16203
203	76206129-c2ca-4d5c-943e-80aedc26264b	2026-05-10T16:00:11Z	49060	3300	45	C:513	16203
203	76206129-c2ca-4d5c-943e-80aedc26264b	2026-05-10T16:01:33Z	247008	3302	45	C:515	16203
203	76206129-c2ca-4d5c-943e-80aedc26264b	2026-05-10T16:02:28Z	35173	3302	45	C:515	16203
203	76206129-c2ca-4d5c-943e-80aedc26264b	2026-05-10T16:03:44Z	247680	3304	45	C:517	16203
203	76206129-c2ca-4d5c-943e-80aedc26264b	2026-05-10T16:04:13Z	35295	3304	45	C:517	16203
203	76206129-c2ca-4d5c-943e-80aedc26264b	2026-05-10T16:05:34Z	248160	3306	45	C:519	16203
203	76206129-c2ca-4d5c-943e-80aedc26264b	2026-05-10T16:09:24Z	248160	3306	45	C:519	16203
203	76206129-c2ca-4d5c-943e-80aedc26264b	2026-05-10T16:10:29Z	248689	3308	45	C:521	16203
203	76206129-c2ca-4d5c-943e-80aedc26264b	2026-05-10T16:12:11Z	21465	3308	45	C:521	16203
203	76206129-c2ca-4d5c-943e-80aedc26264b	2026-05-10T16:13:31Z	249055	3310	45	C:523	16203
203	76206129-c2ca-4d5c-943e-80aedc26264b	2026-05-10T16:16:38Z	60671	3315	45	C:528	16203
203	76206129-c2ca-4d5c-943e-80aedc26264b	2026-05-10T16:17:52Z	249450	3318	45	C:531	16228
203	76206129-c2ca-4d5c-943e-80aedc26264b	2026-05-10T16:18:23Z	32052	3318	45	C:531	16228
203	76206129-c2ca-4d5c-943e-80aedc26264b	2026-05-10T16:19:38Z	250051	3320	45	C:533	16228
203	76206129-c2ca-4d5c-943e-80aedc26264b	2026-05-10T16:20:07Z	32174	3320	45	C:533	16228
203	76206129-c2ca-4d5c-943e-80aedc26264b	2026-05-10T16:21:24Z	250480	3322	45	C:535	16228
203	76206129-c2ca-4d5c-943e-80aedc26264b	2026-05-10T16:24:47Z	21653	3322	45	C:535	16228
203	76206129-c2ca-4d5c-943e-80aedc26264b	2026-05-10T16:26:01Z	250618	3324	45	C:537	16228
203	76206129-c2ca-4d5c-943e-80aedc26264b	2026-05-10T16:26:33Z	46631	3324	45	C:537	16228
203	76206129-c2ca-4d5c-943e-80aedc26264b	2026-05-10T16:27:56Z	251197	3327	45	C:540	16228
203	76206129-c2ca-4d5c-943e-80aedc26264b	2026-05-10T16:28:35Z	32387	3327	45	C:540	16228
203	76206129-c2ca-4d5c-943e-80aedc26264b	2026-05-10T16:29:49Z	252274	3329	45	C:542	16228
203	76206129-c2ca-4d5c-943e-80aedc26264b	2026-05-10T16:30:14Z	32509	3329	45	C:542	16228
203	76206129-c2ca-4d5c-943e-80aedc26264b	2026-05-10T16:31:36Z	252860	3331	45	C:544	16228
203	76206129-c2ca-4d5c-943e-80aedc26264b	2026-05-10T16:36:32Z	253451	3333	45	C:546	16228
203	76206129-c2ca-4d5c-943e-80aedc26264b	2026-05-10T16:38:52Z	253451	3333	45	C:546	16228
203	76206129-c2ca-4d5c-943e-80aedc26264b	2026-05-10T16:40:06Z	253802	3335	45	C:548	16228
203	76206129-c2ca-4d5c-943e-80aedc26264b	2026-05-10T16:42:24Z	70640	3339	45	C:552	16228
203	76206129-c2ca-4d5c-943e-80aedc26264b	2026-05-10T16:46:06Z	254188	3341	45	C:554	16228
203	76206129-c2ca-4d5c-943e-80aedc26264b	2026-05-10T16:47:15Z	254617	3343	45	C:556	16228
203	76206129-c2ca-4d5c-943e-80aedc26264b	2026-05-10T16:47:24Z	34253	3343	45	C:556	16228
203	76206129-c2ca-4d5c-943e-80aedc26264b	2026-05-10T16:49:00Z	255267	3345	45	C:558	16228
203	76206129-c2ca-4d5c-943e-80aedc26264b	2026-05-10T16:52:06Z	21915	3345	45	C:558	16228
203	76206129-c2ca-4d5c-943e-80aedc26264b	2026-05-10T16:53:20Z	255755	3347	45	C:560	16228
203	76206129-c2ca-4d5c-943e-80aedc26264b	2026-05-10T16:54:25Z	46893	3347	45	C:560	16228
203	76206129-c2ca-4d5c-943e-80aedc26264b	2026-05-10T16:55:40Z	256071	3349	45	C:562	16228
203	76206129-c2ca-4d5c-943e-80aedc26264b	2026-05-10T16:56:29Z	32710	3349	45	C:562	16228
203	76206129-c2ca-4d5c-943e-80aedc26264b	2026-05-10T16:57:42Z	256507	3351	45	C:564	16228
203	76206129-c2ca-4d5c-943e-80aedc26264b	2026-05-10T16:58:04Z	32832	3351	45	C:564	16228
203	76206129-c2ca-4d5c-943e-80aedc26264b	2026-05-10T17:03:02Z	261186	3354	45	C:567	16228
203	76206129-c2ca-4d5c-943e-80aedc26264b	2026-05-10T17:04:12Z	262764	3354	45	C:567	16228
203	76206129-c2ca-4d5c-943e-80aedc26264b	2026-05-11T13:22:35Z	113508	31	45	C:31	16228
203	76206129-c2ca-4d5c-943e-80aedc26264b	2026-05-11T13:25:55Z	133615	45	45	C:45	16228
203	76206129-c2ca-4d5c-943e-80aedc26264b	2026-05-11T13:29:09Z	143712	63	46	C:63	17499
203	05fec586-ee41-4fa2-a25a-431e63aac372	2026-05-11T13:36:13Z	161773	88	47	C:88	17501
203	05fec586-ee41-4fa2-a25a-431e63aac372	2026-05-11T13:52:10Z	177780	117	47	C:117	17514
203	05fec586-ee41-4fa2-a25a-431e63aac372	2026-05-11T13:55:58Z	198810	129	47	C:129	17514
203	05fec586-ee41-4fa2-a25a-431e63aac372	2026-05-11T14:01:42Z	121039	148	47	C:148	17514
203	05fec586-ee41-4fa2-a25a-431e63aac372	2026-05-11T14:07:22Z	161032	170	47	C:170	17514
203	05fec586-ee41-4fa2-a25a-431e63aac372	2026-05-11T14:09:24Z	166844	181	48	C:181	17539
203	05fec586-ee41-4fa2-a25a-431e63aac372	2026-05-11T14:11:28Z	172026	214	48	C:214	17539
203	05fec586-ee41-4fa2-a25a-431e63aac372	2026-05-11T14:13:26Z	177328	217	48	C:217	17539
203	cbe8cf97-5ca4-46d1-9ff5-4bcc482bf52f	2026-05-11T14:17:23Z	197116	229	48	C:229	17544
250	cbe8cf97-5ca4-46d1-9ff5-4bcc482bf52f	2026-05-11T18:02:28Z	188353	326	49	C:326	17773
250	cbe8cf97-5ca4-46d1-9ff5-4bcc482bf52f	2026-05-11T18:05:50Z	96707	355	50	C:355	17776
250	1ca63fe4-ff5c-4e39-b4fb-a200b0c15236	2026-05-12T00:37:48Z	149459	387	51	C:387	18168
250	1ca63fe4-ff5c-4e39-b4fb-a200b0c15236	2026-05-12T00:48:42Z	181376	457	52	C:457	18179
250	1ca63fe4-ff5c-4e39-b4fb-a200b0c15236	2026-05-12T00:57:20Z	188926	505	52	C:505	18187
250	1ca63fe4-ff5c-4e39-b4fb-a200b0c15236	2026-05-13T06:35:24Z	81669	614	56	C:614	19965
254	e9b3af12-312b-4a44-8e6a-ff58e518c0eb	2026-05-13T06:56:40Z	281591	757	56	C:757	19972
255	unknown	2026-05-13T07:38:45Z	365475	1006	59	C:1006	20000
255	f9117027-ff9c-47a1-a6ff-5f0d7fe911c9	2026-05-13T07:43:07Z	110582	1033	60	C:1033	20033
256	dc5d72bf-ddc8-4706-acba-5d3232fdc4fb	2026-05-13T08:00:40Z	176958	1087	61	C:1087	20049
256	dc5d72bf-ddc8-4706-acba-5d3232fdc4fb	2026-05-13T08:02:52Z	185592	1115	61	C:1115	20051
256	dc5d72bf-ddc8-4706-acba-5d3232fdc4fb	2026-05-13T08:14:19Z	104307	1224	62	C:1224	20061
257	99a1a199-c31e-415a-ab56-c27b9bffc814	2026-05-13T08:27:00Z	166111	1297	62	C:1297	20071
257	99a1a199-c31e-415a-ab56-c27b9bffc814	2026-05-13T09:13:24Z	208915	1322	62	C:1322	20077
258	99a1a199-c31e-415a-ab56-c27b9bffc814	2026-05-13T09:24:36Z	146595	1374	62	C:1374	20124
258	af770de1-8280-44fc-9470-3bd1c78bed5c	2026-05-13T09:29:37Z	180770	1389	62	C:1389	20135
258	af770de1-8280-44fc-9470-3bd1c78bed5c	2026-05-13T09:37:17Z	144663	1635	69	C:1635	20146
258	1e95e538-e6b0-4725-b7e4-6781c892f468	2026-05-13T09:39:23Z	144915	1665	69	C:1665	20149
258	1e95e538-e6b0-4725-b7e4-6781c892f468	2026-05-13T09:40:48Z	151112	1679	69	C:1679	20151
259	1e95e538-e6b0-4725-b7e4-6781c892f468	2026-05-13T09:51:01Z	217340	1703	69	C:1703	20152
260	1e95e538-e6b0-4725-b7e4-6781c892f468	2026-05-13T10:02:38Z	191112	1747	69	C:1747	20161
261	3a16523c-9ce7-46a5-83b1-020c0cd11f9f	2026-05-13T10:15:52Z	172294	1785	69	C:1785	20173
262	596e17cb-b8fc-4e97-82d6-006102396a23	2026-05-13T10:22:47Z	225658	1805	69	C:1805	20186
263	596e17cb-b8fc-4e97-82d6-006102396a23	2026-05-13T10:31:10Z	133996	1839	69	C:1839	20193
264	0b49e7bf-789f-4bd0-bd9d-4f8bc5887615	2026-05-13T10:40:47Z	198843	1865	69	C:1865	20202
265	0b49e7bf-789f-4bd0-bd9d-4f8bc5887615	2026-05-13T10:47:27Z	116262	1890	69	C:1890	20211
266	7cd4ae38-840e-406c-adf4-6ed23cdc73e3	2026-05-13T10:52:58Z	154737	1904	69	C:1904	20218
267	7cd4ae38-840e-406c-adf4-6ed23cdc73e3	2026-05-13T10:57:23Z	180459	1911	69	C:1911	20223
268	7cd4ae38-840e-406c-adf4-6ed23cdc73e3	2026-05-13T11:10:42Z	189344	1961	69	C:1961	20228
269	f1894661-7f3e-4562-9e2a-1dedff6d99a1	2026-05-13T11:25:27Z	177516	2010	69	C:2010	20241
270	ee9d7c98-23ce-42ef-8e95-f8323673d279	2026-05-13T11:33:40Z	243214	2031	69	C:2031	20256
271	ee9d7c98-23ce-42ef-8e95-f8323673d279	2026-05-13T11:45:07Z	151676	2053	69	C:2053	20264
272	5a55c5b1-1f58-4bb0-90c4-b1314406659b	2026-05-13T11:54:10Z	216292	2068	69	C:2068	20275
273	5a55c5b1-1f58-4bb0-90c4-b1314406659b	2026-05-13T12:04:02Z	157538	2101	69	C:2101	20275
274	afadfc3d-6ff5-4bfc-9136-eb4161b31f42	2026-05-13T12:12:13Z	221219	2117	69	C:2117	20294
275	afadfc3d-6ff5-4bfc-9136-eb4161b31f42	2026-05-13T12:17:46Z	106145	2139	69	C:2139	20303
276	3723f7e9-e2e8-4378-93d9-d1f3e90da54d	2026-05-13T12:27:27Z	190753	2158	69	C:2158	20308
277	3723f7e9-e2e8-4378-93d9-d1f3e90da54d	2026-05-13T12:34:26Z	110606	2174	69	C:2174	20308
278	3723f7e9-e2e8-4378-93d9-d1f3e90da54d	2026-05-13T12:40:56Z	159714	2188	69	C:2188	20308
279	3723f7e9-e2e8-4378-93d9-d1f3e90da54d	2026-05-13T12:50:10Z	242275	2208	69	C:2208	20308
280	807c9e6d-c4dc-4d13-abc4-3fb30753d178	2026-05-13T12:58:40Z	122130	2236	69	C:2236	20341
281	a25003dc-75ee-415c-a0e7-128e155c56f8	2026-05-13T13:03:47Z	166703	2251	69	C:2251	20349
282	a25003dc-75ee-415c-a0e7-128e155c56f8	2026-05-13T13:12:28Z	244482	2279	69	C:2279	20354
283	a25003dc-75ee-415c-a0e7-128e155c56f8	2026-05-13T13:22:55Z	140072	2322	69	C:2322	20354
284	4843c849-3e05-4ee3-9aad-c96490e3ee7e	2026-05-13T13:31:39Z	205996	2355	69	C:2355	20373
285	4843c849-3e05-4ee3-9aad-c96490e3ee7e	2026-05-13T13:43:01Z	146786	2387	69	C:2387	20373
286	4843c849-3e05-4ee3-9aad-c96490e3ee7e	2026-05-13T13:50:24Z	203903	2404	69	C:2404	20373
287	4843c849-3e05-4ee3-9aad-c96490e3ee7e	2026-05-13T13:56:27Z	114327	2425	69	C:2425	20373
288	d01e5797-68e7-4312-9096-f3d539eb168f	2026-05-13T14:03:01Z	176580	2445	69	C:2445	20407
289	d01e5797-68e7-4312-9096-f3d539eb168f	2026-05-13T14:11:46Z	207790	2466	69	C:2466	20413
289	d01e5797-68e7-4312-9096-f3d539eb168f	2026-05-13T14:13:10Z	232938	2466	69	C:2466	20413
289	d01e5797-68e7-4312-9096-f3d539eb168f	2026-05-13T14:35:03Z	305232	2498	69	C:2498	20424
289	d01e5797-68e7-4312-9096-f3d539eb168f	2026-05-14T00:03:48Z	366274	2533	69	C:2533	20445
290	d01e5797-68e7-4312-9096-f3d539eb168f	2026-05-14T00:16:03Z	371147	2538	69	C:2538	21014
291	d01e5797-68e7-4312-9096-f3d539eb168f	2026-05-14T00:27:50Z	138862	2568	69	C:2568	21026
292	28b74254-27eb-44b5-bde5-32be01d5db19	2026-05-14T00:32:04Z	153194	2574	69	C:2574	21038
293	28b74254-27eb-44b5-bde5-32be01d5db19	2026-05-14T00:36:15Z	167103	2582	69	C:2582	21042
294	28b74254-27eb-44b5-bde5-32be01d5db19	2026-05-14T00:42:24Z	183355	2593	69	C:2593	21047
295	28b74254-27eb-44b5-bde5-32be01d5db19	2026-05-14T00:47:42Z	91883	2611	69	C:2611	21053
296	8203e75b-e496-4b48-b1ff-9b18d731645c	2026-05-14T00:52:13Z	114526	2622	69	C:2622	21058
297	8203e75b-e496-4b48-b1ff-9b18d731645c	2026-05-14T00:58:42Z	134000	2637	69	C:2637	21063
298	8203e75b-e496-4b48-b1ff-9b18d731645c	2026-05-14T01:03:01Z	152358	2644	69	C:2644	21069
299	8203e75b-e496-4b48-b1ff-9b18d731645c	2026-05-14T01:07:21Z	166441	2651	69	C:2651	21073
300	8203e75b-e496-4b48-b1ff-9b18d731645c	2026-05-14T01:14:18Z	187386	2662	69	C:2662	21078
301	8203e75b-e496-4b48-b1ff-9b18d731645c	2026-05-14T01:20:20Z	86092	2672	69	C:2672	21085
302	fb0af637-b3d2-48f3-a326-5242f5728c3e	2026-05-14T01:24:04Z	98073	2678	69	C:2678	21091
303	fb0af637-b3d2-48f3-a326-5242f5728c3e	2026-05-14T01:29:34Z	124373	2688	69	C:2688	21091
304	fb0af637-b3d2-48f3-a326-5242f5728c3e	2026-05-14T01:33:08Z	150488	2693	69	C:2693	21091
305	fb0af637-b3d2-48f3-a326-5242f5728c3e	2026-05-14T01:36:42Z	155906	2699	69	C:2699	21103
306	fb0af637-b3d2-48f3-a326-5242f5728c3e	2026-05-14T01:42:11Z	179046	2709	69	C:2709	21107
307	fb0af637-b3d2-48f3-a326-5242f5728c3e	2026-05-14T01:45:49Z	73339	2720	69	C:2720	21113
308	fb0af637-b3d2-48f3-a326-5242f5728c3e	2026-05-14T01:48:31Z	91485	2725	69	C:2725	21113
309	fb0af637-b3d2-48f3-a326-5242f5728c3e	2026-05-14T01:57:34Z	62127	2742	69	C:2742	21113
309	fb0af637-b3d2-48f3-a326-5242f5728c3e	2026-05-14T02:02:57Z	113043	2751	69	C:2751	21113
309	fb0af637-b3d2-48f3-a326-5242f5728c3e	2026-05-14T02:33:36Z	248881	2802	69	C:2802	21113
309	9adeeefc-d90b-4309-bceb-4168920607fb	2026-05-14T02:48:34Z	290886	2828	69	C:2828	21164
309	9adeeefc-d90b-4309-bceb-4168920607fb	2026-05-14T02:58:21Z	362214	2852	70	C:2852	21188
311	9adeeefc-d90b-4309-bceb-4168920607fb	2026-05-14T03:08:30Z	381363	2905	71	C:2905	21198
311	9adeeefc-d90b-4309-bceb-4168920607fb	2026-05-14T03:16:05Z	399269	2953	72	C:2953	21205
313	9adeeefc-d90b-4309-bceb-4168920607fb	2026-05-14T03:25:20Z	411723	2992	73	C:2992	21215
313	9adeeefc-d90b-4309-bceb-4168920607fb	2026-05-14T03:34:34Z	425528	3031	74	C:3031	21222
315	9adeeefc-d90b-4309-bceb-4168920607fb	2026-05-14T03:59:15Z	443810	3099	75	C:3099	21247
315	9adeeefc-d90b-4309-bceb-4168920607fb	2026-05-14T05:36:08Z	684442	0	75	-	21266
315	9adeeefc-d90b-4309-bceb-4168920607fb	2026-05-14T06:15:28Z	119587	24	75	-	21346
315	9adeeefc-d90b-4309-bceb-4168920607fb	2026-05-14T06:23:23Z	122420	24	75	-	21346
315	unknown	2026-05-14T07:08:24Z	311843	86	75	-	21346
315	unknown	2026-05-14T07:24:46Z	357444	101	75	-	21346
315	de7bfc9c-ed02-4cfc-9bce-7d18a156c767	2026-05-14T07:38:53Z	102355	116	75	-	21457
315	de7bfc9c-ed02-4cfc-9bce-7d18a156c767	2026-05-14T08:35:44Z	295882	185	75	-	21457
315	0feebcd1-f1e5-45b7-b72e-a3e4389b0ef7	2026-05-14T09:45:58Z	374183	298	76	-	21590
318	dc34b04e-4bde-4f1c-b4a4-d97ca663eaae	2026-05-14T10:40:32Z	482550	384	77	-	21643
318	dc34b04e-4bde-4f1c-b4a4-d97ca663eaae	2026-05-14T10:51:39Z	503727	409	77	-	21657
318	dc34b04e-4bde-4f1c-b4a4-d97ca663eaae	2026-05-14T11:23:47Z	171781	452	78	-	21677
318	efc2e2f4-4622-42c4-be6b-a34fbc9cd3d4	2026-05-14T12:18:15Z	192455	565	78	-	21742
318	efc2e2f4-4622-42c4-be6b-a34fbc9cd3d4	2026-05-14T12:34:40Z	281343	616	79	-	21759
318	efc2e2f4-4622-42c4-be6b-a34fbc9cd3d4	2026-05-14T13:41:58Z	331141	712	79	-	21822
318	efc2e2f4-4622-42c4-be6b-a34fbc9cd3d4	2026-05-14T13:51:46Z	365818	747	80	-	21836
318	efc2e2f4-4622-42c4-be6b-a34fbc9cd3d4	2026-05-14T14:09:05Z	384755	768	80	-	21856
320	efc2e2f4-4622-42c4-be6b-a34fbc9cd3d4	2026-05-14T14:47:04Z	429931	777	80	-	21859
320	efc2e2f4-4622-42c4-be6b-a34fbc9cd3d4	2026-05-15T01:08:46Z	502618	816	81	-	22513
320	efc2e2f4-4622-42c4-be6b-a34fbc9cd3d4	2026-05-15T01:20:16Z	122285	868	81	-	22519
320	ce99cbae-ffbe-4aad-b8bd-7dd1f73fee5c	2026-05-15T01:33:19Z	136670	891	82	-	22534
320	ce99cbae-ffbe-4aad-b8bd-7dd1f73fee5c	2026-05-15T01:48:43Z	164185	929	83	-	22557
321	ce99cbae-ffbe-4aad-b8bd-7dd1f73fee5c	2026-05-15T02:28:47Z	217980	996	84	-	22598
321	ce99cbae-ffbe-4aad-b8bd-7dd1f73fee5c	2026-05-15T02:31:32Z	220865	1004	84	-	22599
321	ce99cbae-ffbe-4aad-b8bd-7dd1f73fee5c	2026-05-15T02:35:37Z	244680	1014	85	-	22605
321	ce99cbae-ffbe-4aad-b8bd-7dd1f73fee5c	2026-05-15T02:58:07Z	273733	1066	85	-	22619
321	ce99cbae-ffbe-4aad-b8bd-7dd1f73fee5c	2026-05-15T03:01:18Z	279279	1069	85	-	22628
321	ce99cbae-ffbe-4aad-b8bd-7dd1f73fee5c	2026-05-15T03:47:53Z	286902	1077	86	-	22677
321	ce99cbae-ffbe-4aad-b8bd-7dd1f73fee5c	2026-05-15T04:44:49Z	294604	1181	86	-	22734
321	ce99cbae-ffbe-4aad-b8bd-7dd1f73fee5c	2026-05-15T05:06:22Z	355098	1281	88	-	22752
322	530bad2a-ef23-46f2-8fb8-77c3709f841b	2026-05-15T05:56:24Z	184013	1648	103	-	22806
322	530bad2a-ef23-46f2-8fb8-77c3709f841b	2026-05-15T06:02:34Z	184013	1856	103	-	22812
322	cfdfafbb-d479-4ada-b7d1-6bd09f32685c	2026-05-15T06:04:33Z	4271	1863	103	-	22815
322	cfdfafbb-d479-4ada-b7d1-6bd09f32685c	2026-05-15T06:09:55Z	121059	1898	104	-	22819
322	cfdfafbb-d479-4ada-b7d1-6bd09f32685c	2026-05-15T06:30:34Z	141555	1927	105	-	22839
325	cfdfafbb-d479-4ada-b7d1-6bd09f32685c	2026-05-15T06:43:45Z	179680	1945	105	-	22847
325	cfdfafbb-d479-4ada-b7d1-6bd09f32685c	2026-05-15T07:00:31Z	213138	1964	105	-	22854
325	cfdfafbb-d479-4ada-b7d1-6bd09f32685c	2026-05-15T07:32:19Z	157008	2010	105	-	22871
325	ff7c6871-e690-4fdf-bb47-521c4b06efa1	2026-05-15T07:55:16Z	194668	2044	105	-	22903
325	ff7c6871-e690-4fdf-bb47-521c4b06efa1	2026-05-15T08:25:07Z	173428	2096	105	-	22926
326	31d19d47-24cf-438f-abf4-eac61c09ce51	2026-05-15T08:52:57Z	256706	2159	106	-	22976
326	31d19d47-24cf-438f-abf4-eac61c09ce51	2026-05-15T09:00:19Z	87974	2191	107	-	22986
329	7f62b008-5bcb-44ec-ad8f-ba5b06a35a87	2026-05-15T09:38:53Z	247286	2340	108	-	23023
329	7f62b008-5bcb-44ec-ad8f-ba5b06a35a87	2026-05-15T09:45:37Z	90405	2378	109	-	23033
329	753b52f8-6977-4bbf-9c46-8da8f862e9fe	2026-05-15T10:15:23Z	142652	2416	110	-	23054
332	753b52f8-6977-4bbf-9c46-8da8f862e9fe	2026-05-15T11:48:36Z	157289	2548	111	-	23146
332	753b52f8-6977-4bbf-9c46-8da8f862e9fe	2026-05-15T12:52:42Z	218400	2661	112	-	23214
332	753b52f8-6977-4bbf-9c46-8da8f862e9fe	2026-05-15T13:20:42Z	260721	2705	112	-	23238
332	753b52f8-6977-4bbf-9c46-8da8f862e9fe	2026-05-15T13:25:40Z	262006	2706	112	-	23238
332	753b52f8-6977-4bbf-9c46-8da8f862e9fe	2026-05-16T01:13:29Z	271218	2711	113	-	23964
332	753b52f8-6977-4bbf-9c46-8da8f862e9fe	2026-05-16T01:41:26Z	293401	2744	114	-	23984
332	753b52f8-6977-4bbf-9c46-8da8f862e9fe	2026-05-16T02:02:36Z	302465	2787	114	-	24012
332	753b52f8-6977-4bbf-9c46-8da8f862e9fe	2026-05-16T04:09:07Z	326483	2808	115	-	24139
332	753b52f8-6977-4bbf-9c46-8da8f862e9fe	2026-05-16T04:12:46Z	118794	2868	116	-	24143
332	65d66316-bb52-4cb1-be34-66a3c28ea77b	2026-05-16T04:15:36Z	135671	2896	117	-	24146
332	65d66316-bb52-4cb1-be34-66a3c28ea77b	2026-05-16T04:21:10Z	158016	2944	117	-	24151
338	65d66316-bb52-4cb1-be34-66a3c28ea77b	2026-05-16T05:40:48Z	160855	3072	118	-	24227
338	65d66316-bb52-4cb1-be34-66a3c28ea77b	2026-05-16T06:16:44Z	213002	3191	118	-	24249
338	65d66316-bb52-4cb1-be34-66a3c28ea77b	2026-05-16T06:25:42Z	105688	3214	119	-	24272
338	e735afb3-a3a1-460d-88a1-fc73c2fbc7d3	2026-05-16T06:36:09Z	120966	3251	120	-	24283
381	6ccc2e18-360d-4e80-8678-217096df54c1	2026-05-17T04:48:05Z	960102	3407	121	-	25618
381	6ccc2e18-360d-4e80-8678-217096df54c1	2026-05-17T04:55:39Z	972420	3454	122	-	25626
381	6ccc2e18-360d-4e80-8678-217096df54c1	2026-05-17T05:12:17Z	984042	3514	123	-	25642
381	6ccc2e18-360d-4e80-8678-217096df54c1	2026-05-17T05:20:20Z	120809	3575	124	-	25651
381	6ccc2e18-360d-4e80-8678-217096df54c1	2026-05-17T05:24:07Z	141975	3643	124	-	25651
381	6ccc2e18-360d-4e80-8678-217096df54c1	2026-05-17T05:28:10Z	152129	3649	125	-	25658
388	6ccc2e18-360d-4e80-8678-217096df54c1	2026-05-17T05:46:02Z	156069	3731	126	-	25676	039-S387-harness-stabilization-sweep-N1	126	72	0	25676	25347
388	6ccc2e18-360d-4e80-8678-217096df54c1	2026-05-17T05:46:02Z	156069	3731	126	-	25676	039-S387-harness-stabilization-sweep-N1	126	72	0	25676	25347
388	6ccc2e18-360d-4e80-8678-217096df54c1	2026-05-17T05:46:09Z	164579	3733	126	-	25676	039-S387-harness-stabilization-sweep-N1	126	72	0	25676	25347
388	6ccc2e18-360d-4e80-8678-217096df54c1	2026-05-17T05:55:38Z	215179	3806	126	-	25680	033-S373-phase-fprime-multi-perspective-master-plan	126	72	0	25680	25347
388	f97abf12-dbeb-4644-af65-20a53683eb5b	2026-05-17T06:21:41Z	129948	3890	129	-	25712	040-S391-phase-gprime-master-plan	129	74	0	25712	25404
388	f97abf12-dbeb-4644-af65-20a53683eb5b	2026-05-17T06:25:25Z	153754	3957	129	-	25712	040-S391-phase-gprime-master-plan	129	74	0	25712	25404
388	f97abf12-dbeb-4644-af65-20a53683eb5b	2026-05-17T06:29:27Z	169369	3973	131	-	25720	045-S393-data-corpus-ingestion-operational-plan	131	76	0	25720	25425
388	f97abf12-dbeb-4644-af65-20a53683eb5b	2026-05-17T06:52:09Z	183530	4100	131	-	25720	045-S393-data-corpus-ingestion-operational-plan	131	76	0	25720	25425
388	f97abf12-dbeb-4644-af65-20a53683eb5b	2026-05-17T06:54:07Z	184801	4103	131	-	25742	045-S393-data-corpus-ingestion-operational-plan	131	76	0	25742	25425
388	f97abf12-dbeb-4644-af65-20a53683eb5b	2026-05-17T06:55:40Z	189871	4110	131	-	25742	045-S393-data-corpus-ingestion-operational-plan	131	76	0	25742	25425
388	f97abf12-dbeb-4644-af65-20a53683eb5b	2026-05-17T06:56:06Z	61578	4111	131	-	25746	045-S393-data-corpus-ingestion-operational-plan	131	76	0	25746	25425
388	f97abf12-dbeb-4644-af65-20a53683eb5b	2026-05-17T06:56:51Z	191279	4113	131	-	25746	045-S393-data-corpus-ingestion-operational-plan	131	76	0	25746	25425
388	f97abf12-dbeb-4644-af65-20a53683eb5b	2026-05-17T06:57:13Z	32955	4115	131	-	25747	045-S393-data-corpus-ingestion-operational-plan	131	76	0	25747	25425
388	f97abf12-dbeb-4644-af65-20a53683eb5b	2026-05-17T06:57:52Z	192173	4117	131	-	25747	045-S393-data-corpus-ingestion-operational-plan	131	76	0	25747	25425
388	f97abf12-dbeb-4644-af65-20a53683eb5b	2026-05-17T06:58:12Z	192173	4119	131	-	25748	045-S393-data-corpus-ingestion-operational-plan	131	76	0	25748	25425
388	f97abf12-dbeb-4644-af65-20a53683eb5b	2026-05-17T06:58:55Z	192689	4120	131	-	25748	045-S393-data-corpus-ingestion-operational-plan	131	76	0	25748	25425
388	f97abf12-dbeb-4644-af65-20a53683eb5b	2026-05-17T06:59:19Z	32913	4122	131	-	25749	045-S393-data-corpus-ingestion-operational-plan	131	76	0	25749	25425
388	f97abf12-dbeb-4644-af65-20a53683eb5b	2026-05-17T07:00:01Z	193175	4124	131	-	25749	045-S393-data-corpus-ingestion-operational-plan	131	76	0	25749	25425
388	f97abf12-dbeb-4644-af65-20a53683eb5b	2026-05-17T07:00:36Z	193175	4125	131	-	25750	045-S393-data-corpus-ingestion-operational-plan	131	76	0	25750	25425
388	f97abf12-dbeb-4644-af65-20a53683eb5b	2026-05-17T07:01:20Z	193175	4128	131	-	25750	045-S393-data-corpus-ingestion-operational-plan	131	76	0	25750	25425
388	f97abf12-dbeb-4644-af65-20a53683eb5b	2026-05-17T07:01:48Z	33036	4130	131	-	25752	045-S393-data-corpus-ingestion-operational-plan	131	76	0	25752	25425
395	f97abf12-dbeb-4644-af65-20a53683eb5b	2026-05-17T11:18:21Z	232790	4208	133	-	26009	045-S393-data-corpus-ingestion-operational-plan	133	78	0	26009	25718
397	f97abf12-dbeb-4644-af65-20a53683eb5b	2026-05-17T11:25:33Z	278409	4305	133	-	26012	045-S393-data-corpus-ingestion-operational-plan	133	78	0	26012	25718
397	f97abf12-dbeb-4644-af65-20a53683eb5b	2026-05-17T11:25:58Z	278409	4305	133	-	26012	045-S393-data-corpus-ingestion-operational-plan	133	78	0	26012	25718
397	f97abf12-dbeb-4644-af65-20a53683eb5b	2026-05-17T11:27:25Z	287042	4311	134	-	26017	045-S393-data-corpus-ingestion-operational-plan	134	79	0	26017	25740
397	f97abf12-dbeb-4644-af65-20a53683eb5b	2026-05-17T11:28:55Z	287042	4344	134	-	26018	045-S393-data-corpus-ingestion-operational-plan	134	79	0	26018	25740
397	f97abf12-dbeb-4644-af65-20a53683eb5b	2026-05-17T11:29:43Z	287255	4345	134	-	26018	045-S393-data-corpus-ingestion-operational-plan	134	79	0	26018	25740
397	f97abf12-dbeb-4644-af65-20a53683eb5b	2026-05-17T11:29:57Z	287255	4346	134	-	26020	045-S393-data-corpus-ingestion-operational-plan	134	79	0	26020	25740
397	f97abf12-dbeb-4644-af65-20a53683eb5b	2026-05-17T11:31:10Z	32955	4347	134	-	26020	045-S393-data-corpus-ingestion-operational-plan	134	79	0	26020	25740
397	f97abf12-dbeb-4644-af65-20a53683eb5b	2026-05-17T11:31:27Z	33077	4348	134	-	26022	045-S393-data-corpus-ingestion-operational-plan	134	79	0	26022	25740
397	f97abf12-dbeb-4644-af65-20a53683eb5b	2026-05-17T11:32:33Z	32913	4355	134	-	26022	045-S393-data-corpus-ingestion-operational-plan	134	79	0	26022	25740
397	f97abf12-dbeb-4644-af65-20a53683eb5b	2026-05-17T11:33:35Z	288810	4360	134	-	26022	045-S393-data-corpus-ingestion-operational-plan	134	79	0	26022	25740
397	f97abf12-dbeb-4644-af65-20a53683eb5b	2026-05-17T11:33:52Z	288911	4362	134	-	26024	045-S393-data-corpus-ingestion-operational-plan	134	79	0	26024	25740
397	f97abf12-dbeb-4644-af65-20a53683eb5b	2026-05-17T11:34:30Z	288993	4363	134	-	26024	045-S393-data-corpus-ingestion-operational-plan	134	79	0	26024	25740
397	f97abf12-dbeb-4644-af65-20a53683eb5b	2026-05-17T11:34:47Z	33194	4365	134	-	26025	045-S393-data-corpus-ingestion-operational-plan	134	79	0	26025	25740
397	f97abf12-dbeb-4644-af65-20a53683eb5b	2026-05-17T11:35:40Z	288993	4367	134	-	26025	043-S398-phase-gprime-g3-claude-vision-adapter-and-echo-validator	134	79	0	26025	25740
397	f97abf12-dbeb-4644-af65-20a53683eb5b	2026-05-17T11:36:02Z	289043	4368	134	-	26026	043-S398-phase-gprime-g3-claude-vision-adapter-and-echo-validator	134	79	0	26026	25740
397	f97abf12-dbeb-4644-af65-20a53683eb5b	2026-05-17T11:37:31Z	289043	4376	134	-	26026	043-S398-phase-gprime-g3-claude-vision-adapter-and-echo-validator	134	79	0	26026	25740
397	f97abf12-dbeb-4644-af65-20a53683eb5b	2026-05-17T11:41:18Z	22027	4378	134	-	26028	043-S398-phase-gprime-g3-claude-vision-adapter-and-echo-validator	134	79	0	26028	25740
397	f97abf12-dbeb-4644-af65-20a53683eb5b	2026-05-17T11:42:40Z	289819	4385	134	-	26033	043-S398-phase-gprime-g3-claude-vision-adapter-and-echo-validator	134	79	0	26033	25740
397	f97abf12-dbeb-4644-af65-20a53683eb5b	2026-05-17T11:44:16Z	306111	4389	135	-	26034	043-S398-phase-gprime-g3-claude-vision-adapter-and-echo-validator	135	80	0	26034	25754
397	f97abf12-dbeb-4644-af65-20a53683eb5b	2026-05-17T11:45:47Z	22133	4409	135	-	26035	043-S398-phase-gprime-g3-claude-vision-adapter-and-echo-validator	135	80	0	26035	25754
397	f97abf12-dbeb-4644-af65-20a53683eb5b	2026-05-17T11:45:49Z	306388	4409	135	-	26035	043-S398-phase-gprime-g3-claude-vision-adapter-and-echo-validator	135	80	0	26035	25754
397	f97abf12-dbeb-4644-af65-20a53683eb5b	2026-05-17T11:46:04Z	306388	4410	135	-	26036	043-S398-phase-gprime-g3-claude-vision-adapter-and-echo-validator	135	80	0	26036	25754
397	f97abf12-dbeb-4644-af65-20a53683eb5b	2026-05-17T11:47:04Z	306945	4417	135	-	26036	043-S398-phase-gprime-g3-claude-vision-adapter-and-echo-validator	135	80	0	26036	25754
397	f97abf12-dbeb-4644-af65-20a53683eb5b	2026-05-17T11:47:19Z	66520	4420	135	-	26037	043-S398-phase-gprime-g3-claude-vision-adapter-and-echo-validator	135	80	0	26037	25754
397	f97abf12-dbeb-4644-af65-20a53683eb5b	2026-05-17T11:48:06Z	77247	4432	135	-	26037	043-S398-phase-gprime-g3-claude-vision-adapter-and-echo-validator	135	80	0	26037	25754
397	f97abf12-dbeb-4644-af65-20a53683eb5b	2026-05-17T11:48:25Z	22835	4434	135	-	26038	043-S398-phase-gprime-g3-claude-vision-adapter-and-echo-validator	135	80	0	26038	25754
397	f97abf12-dbeb-4644-af65-20a53683eb5b	2026-05-17T11:49:41Z	92746	4446	135	-	26038	043-S398-phase-gprime-g3-claude-vision-adapter-and-echo-validator	135	80	0	26038	25754
397	f97abf12-dbeb-4644-af65-20a53683eb5b	2026-05-17T11:50:21Z	306992	4449	135	-	26038	043-S398-phase-gprime-g3-claude-vision-adapter-and-echo-validator	135	80	0	26038	25754
397	f97abf12-dbeb-4644-af65-20a53683eb5b	2026-05-17T11:50:55Z	307034	4450	135	-	26041	043-S398-phase-gprime-g3-claude-vision-adapter-and-echo-validator	135	80	0	26041	25754
397	f97abf12-dbeb-4644-af65-20a53683eb5b	2026-05-17T11:51:40Z	307735	4452	135	-	26041	043-S398-phase-gprime-g3-claude-vision-adapter-and-echo-validator	135	80	0	26041	25754
397	f97abf12-dbeb-4644-af65-20a53683eb5b	2026-05-17T11:51:53Z	33078	4454	135	-	26042	043-S398-phase-gprime-g3-claude-vision-adapter-and-echo-validator	135	80	0	26042	25754
397	f97abf12-dbeb-4644-af65-20a53683eb5b	2026-05-17T11:52:49Z	308052	4456	135	-	26042	043-S398-phase-gprime-g3-claude-vision-adapter-and-echo-validator	135	80	0	26042	25754
397	f97abf12-dbeb-4644-af65-20a53683eb5b	2026-05-17T11:53:22Z	32914	4457	135	-	26043	043-S398-phase-gprime-g3-claude-vision-adapter-and-echo-validator	135	80	0	26043	25754
397	f97abf12-dbeb-4644-af65-20a53683eb5b	2026-05-17T11:54:03Z	308052	4461	135	-	26043	043-S398-phase-gprime-g3-claude-vision-adapter-and-echo-validator	135	80	0	26043	25754
397	f97abf12-dbeb-4644-af65-20a53683eb5b	2026-05-17T11:54:30Z	32975	4463	135	-	26044	043-S398-phase-gprime-g3-claude-vision-adapter-and-echo-validator	135	80	0	26044	25754
397	f97abf12-dbeb-4644-af65-20a53683eb5b	2026-05-17T11:55:16Z	308177	4466	135	-	26044	043-S398-phase-gprime-g3-claude-vision-adapter-and-echo-validator	135	80	0	26044	25754
397	f97abf12-dbeb-4644-af65-20a53683eb5b	2026-05-17T11:55:40Z	33037	4467	135	-	26046	043-S398-phase-gprime-g3-claude-vision-adapter-and-echo-validator	135	80	0	26046	25754
397	f97abf12-dbeb-4644-af65-20a53683eb5b	2026-05-17T11:56:36Z	308228	4473	135	-	26046	043-S398-phase-gprime-g3-claude-vision-adapter-and-echo-validator	135	80	0	26046	25754
397	f97abf12-dbeb-4644-af65-20a53683eb5b	2026-05-17T11:59:47Z	22026	4483	135	-	26047	043-S398-phase-gprime-g3-claude-vision-adapter-and-echo-validator	135	80	0	26047	25754
397	f97abf12-dbeb-4644-af65-20a53683eb5b	2026-05-17T12:00:30Z	308244	4484	135	-	26047	043-S398-phase-gprime-g3-claude-vision-adapter-and-echo-validator	135	80	0	26047	25754
397	f97abf12-dbeb-4644-af65-20a53683eb5b	2026-05-17T12:02:59Z	308244	4490	135	-	26051	043-S398-phase-gprime-g3-claude-vision-adapter-and-echo-validator	135	80	0	26051	25754
397	f97abf12-dbeb-4644-af65-20a53683eb5b	2026-05-17T12:04:20Z	308260	4493	135	-	26051	043-S398-phase-gprime-g3-claude-vision-adapter-and-echo-validator	135	80	0	26051	25754
397	f97abf12-dbeb-4644-af65-20a53683eb5b	2026-05-17T12:04:47Z	308260	4494	135	-	26055	043-S398-phase-gprime-g3-claude-vision-adapter-and-echo-validator	135	80	0	26055	25754
397	f97abf12-dbeb-4644-af65-20a53683eb5b	2026-05-17T12:05:43Z	311620	4498	135	-	26055	043-S398-phase-gprime-g3-claude-vision-adapter-and-echo-validator	135	80	0	26055	25754
397	f97abf12-dbeb-4644-af65-20a53683eb5b	2026-05-17T12:05:45Z	33077	4498	135	-	26055	043-S398-phase-gprime-g3-claude-vision-adapter-and-echo-validator	135	80	0	26055	25754
397	f97abf12-dbeb-4644-af65-20a53683eb5b	2026-05-17T12:06:31Z	312522	4504	135	-	26056	043-S398-phase-gprime-g3-claude-vision-adapter-and-echo-validator	135	80	0	26056	25754
397	f97abf12-dbeb-4644-af65-20a53683eb5b	2026-05-17T12:07:06Z	312522	4510	135	-	26057	043-S398-phase-gprime-g3-claude-vision-adapter-and-echo-validator	135	80	0	26057	25754
397	f97abf12-dbeb-4644-af65-20a53683eb5b	2026-05-17T12:07:48Z	312701	4511	135	-	26057	043-S398-phase-gprime-g3-claude-vision-adapter-and-echo-validator	135	80	0	26057	25754
397	f97abf12-dbeb-4644-af65-20a53683eb5b	2026-05-17T12:08:17Z	312701	4515	135	-	26058	043-S398-phase-gprime-g3-claude-vision-adapter-and-echo-validator	135	80	0	26058	25754
397	f97abf12-dbeb-4644-af65-20a53683eb5b	2026-05-17T12:09:00Z	312701	4517	135	-	26058	043-S398-phase-gprime-g3-claude-vision-adapter-and-echo-validator	135	80	0	26058	25754
397	f97abf12-dbeb-4644-af65-20a53683eb5b	2026-05-17T12:09:28Z	312717	4521	135	-	26059	043-S398-phase-gprime-g3-claude-vision-adapter-and-echo-validator	135	80	0	26059	25754
397	f97abf12-dbeb-4644-af65-20a53683eb5b	2026-05-17T12:10:38Z	312733	4529	135	-	26059	043-S398-phase-gprime-g3-claude-vision-adapter-and-echo-validator	135	80	0	26059	25754
397	f97abf12-dbeb-4644-af65-20a53683eb5b	2026-05-17T12:13:56Z	312733	4537	135	-	26061	043-S398-phase-gprime-g3-claude-vision-adapter-and-echo-validator	135	80	0	26061	25754
397	f97abf12-dbeb-4644-af65-20a53683eb5b	2026-05-17T12:15:02Z	314457	4543	135	-	26061	043-S398-phase-gprime-g3-claude-vision-adapter-and-echo-validator	135	80	0	26061	25754
397	f97abf12-dbeb-4644-af65-20a53683eb5b	2026-05-17T12:16:24Z	63349	4550	135	-	26065	045-S393-data-corpus-ingestion-operational-plan	135	80	0	26065	25754
397	f97abf12-dbeb-4644-af65-20a53683eb5b	2026-05-17T12:17:07Z	315074	4552	135	-	26065	045-S393-data-corpus-ingestion-operational-plan	135	80	0	26065	25754
399	f97abf12-dbeb-4644-af65-20a53683eb5b	2026-05-17T12:17:27Z	32956	4554	135	-	26068	045-S393-data-corpus-ingestion-operational-plan	135	80	0	26068	25754
399	f97abf12-dbeb-4644-af65-20a53683eb5b	2026-05-17T12:18:30Z	33072	4558	135	-	26068	045-S393-data-corpus-ingestion-operational-plan	135	80	0	26068	25754
399	f97abf12-dbeb-4644-af65-20a53683eb5b	2026-05-17T12:18:38Z	33072	4558	135	-	26068	045-S393-data-corpus-ingestion-operational-plan	135	80	0	26068	25754
399	f97abf12-dbeb-4644-af65-20a53683eb5b	2026-05-17T12:19:26Z	315099	4561	135	-	26070	045-S393-data-corpus-ingestion-operational-plan	135	80	0	26070	25754
399	f97abf12-dbeb-4644-af65-20a53683eb5b	2026-05-17T12:19:42Z	32364	4561	135	-	26070	045-S393-data-corpus-ingestion-operational-plan	135	80	0	26070	25754
399	f97abf12-dbeb-4644-af65-20a53683eb5b	2026-05-17T12:20:43Z	325245	4567	136	-	26071	045-S393-data-corpus-ingestion-operational-plan	136	81	0	26071	25760
399	f97abf12-dbeb-4644-af65-20a53683eb5b	2026-05-17T12:20:45Z	32975	4568	136	-	26071	045-S393-data-corpus-ingestion-operational-plan	136	81	0	26071	25760
399	f97abf12-dbeb-4644-af65-20a53683eb5b	2026-05-17T12:21:31Z	325307	4587	136	-	26071	045-S393-data-corpus-ingestion-operational-plan	136	81	0	26071	25760
399	f97abf12-dbeb-4644-af65-20a53683eb5b	2026-05-17T12:22:01Z	325307	4596	136	-	26072	045-S393-data-corpus-ingestion-operational-plan	136	81	0	26072	25760
400	f97abf12-dbeb-4644-af65-20a53683eb5b	2026-05-17T12:30:17Z	345374	4664	137	-	26080	040-S391-phase-gprime-master-plan	137	82	0	26080	25839
401	f97abf12-dbeb-4644-af65-20a53683eb5b	2026-05-17T12:36:47Z	383116	4707	137	-	26083	040-S391-phase-gprime-master-plan	137	82	0	26083	25839
401	f97abf12-dbeb-4644-af65-20a53683eb5b	2026-05-17T14:42:08Z	393519	4709	138	-	26212	040-S391-phase-gprime-master-plan	138	83	0	26212	25912
401	f97abf12-dbeb-4644-af65-20a53683eb5b	2026-05-17T14:51:19Z	402168	4783	139	-	26222	046-S402-harness-stabilization-sweep-N2	139	84	0	26222	25979
403	f97abf12-dbeb-4644-af65-20a53683eb5b	2026-05-17T15:18:15Z	424152	4873	141	-	26248	040-S391-phase-gprime-master-plan	141	86	0	26248	26010
404	f97abf12-dbeb-4644-af65-20a53683eb5b	2026-05-17T15:22:52Z	443989	4955	141	-	26250	040-S391-phase-gprime-master-plan	141	86	0	26250	26010
404	f97abf12-dbeb-4644-af65-20a53683eb5b	2026-05-17T15:39:14Z	455292	4967	142	-	26269	040-S391-phase-gprime-master-plan	142	87	0	26269	25972
404	f97abf12-dbeb-4644-af65-20a53683eb5b	2026-05-17T15:44:32Z	460555	5006	143	-	26275	044-S406-phase-gprime-g4-vhm-annual-report-dogfood-and-bc2-integration	143	88	0	26275	26013
407	f97abf12-dbeb-4644-af65-20a53683eb5b	2026-05-17T16:05:53Z	474622	5081	144	-	26296	040-S391-phase-gprime-master-plan	144	89	0	26296	26048
408	f97abf12-dbeb-4644-af65-20a53683eb5b	2026-05-17T16:11:14Z	493884	5118	144	-	26298	040-S391-phase-gprime-master-plan	144	89	0	26298	26048
408	unknown	2026-05-18T18:30:54Z	424619	0	152	-	27880	040-S391-phase-gprime-master-plan	152	89	0	27880	27632
